合约代码,今开盘,最高价,最低价,成交量,成交金额,持仓量,持仓变化,今收盘,今结算,前结算,涨跌1,涨跌2,Delta
HO2412-C-1950                 ,715,715,715,2,14.33,102,-1.0,715,713.4,718,-3.0,-4.6,0.9950
HO2412-C-2000                 ,666.4,666.4,666.4,1,6.664,123,-1.0,666.4,663.2,668,-1.6,-4.8,0.9960
HO2412-C-2025                 ,640.2,640.2,640.2,2,12.832,22,-1.0,640.2,638.2,643,-2.8,-4.8,0.9960
HO2412-C-2050                 ,615,615,615,2,12.328,99,-1.0,615,613.2,617.8,-2.8,-4.6,0.9970
HO2412-C-2075                 ,590,590,590,3,17.756,13,-1.0,590,588,592.8,-2.8,-4.8,0.9970
HO2412-C-2100                 ,564.8,564.8,564.8,1,5.648,90,-1.0,564.8,563,567.8,-3.0,-4.8,0.9970
HO2412-C-2125                 ,,,,0,0,33,0.0,546.8,538,542.8,4.0,-4.8,0.9980
HO2412-C-2150                 ,,,,0,0,70,0.0,529.8,513,517.8,12.0,-4.8,0.9980
HO2412-C-2175                 ,,,,0,0,20,0.0,600.8,488,492.8,108.0,-4.8,0.9980
HO2412-C-2200                 ,465.2,465.2,465.2,2,9.33,71,-1.0,465.2,463,467.8,-2.6,-4.8,0.9980
HO2412-C-2225                 ,,,,0,0,20,0.0,450.2,438,442.8,7.4,-4.8,0.9980
HO2412-C-2250                 ,412.2,412.2,412.2,2,8.3,80,-1.0,412.2,413,417.8,-5.6,-4.8,0.9980
HO2412-C-2275                 ,,,,0,0,21,0.0,404.8,388,392.8,12.0,-4.8,0.9980
HO2412-C-2300                 ,361,366,360.8,29,105.854,160,-11.0,360.8,363,367.8,-7.0,-4.8,0.9980
HO2412-C-2325                 ,,,,0,0,87,0.0,329.8,338,342.8,-13.0,-4.8,0.9980
HO2412-C-2350                 ,307.4,311.6,305.2,43,132.426,190,-24.0,308.4,313,317.8,-9.4,-4.8,0.9980
HO2412-C-2375                 ,289.8,289.8,289.2,2,5.79,70,-2.0,289.2,288,292.8,-3.6,-4.8,0.9980
HO2412-C-2400                 ,257.4,269.6,255.2,83,217.202,388,-45.0,260.8,263,267.8,-7.0,-4.8,0.9970
HO2412-C-2425                 ,232.4,236.2,232.4,9,21.1,52,-2.0,235.6,238,242.8,-7.2,-4.8,0.9960
HO2412-C-2450                 ,214,218.2,206.2,113,238.026,208,-79.0,212.8,213,217.8,-5.0,-4.8,0.9940
HO2412-C-2475                 ,184.8,194.8,180.4,71,132.442,91,-38.0,190.8,188.2,193,-2.2,-4.8,0.9910
HO2412-C-2500                 ,146.8,170,146.8,89,143.234,365,-41.0,158,163.4,168.2,-10.2,-4.8,0.9850
HO2412-C-2550                 ,91.6,119.2,91.6,118,132.834,439,-2.0,109.2,114.4,118.6,-9.4,-4.2,0.9520
HO2412-C-2600                 ,55,71,43.2,1630,993.63,1201,-139.0,61.8,68.4,69,-7.2,-0.6,0.8410
HO2412-C-2650                 ,16,25.6,11,8529,1655.25,2082,-496.0,19.6,19.6,27.2,-7.6,-7.6,0.6690
HO2412-C-2700                 ,5,5.4,1.4,6549,218.812,4332,-835.0,2.2,2.2,6.6,-4.4,-4.4,0.1330
HO2412-C-2750                 ,.2,1.4,.2,2156,15.042,4466,-666.0,.2,.2,1.6,-1.4,-1.4,0.0150
HO2412-C-2800                 ,.4,.6,.2,917,2.558,5908,-305.0,.2,.2,.4,-0.2,-0.2,0.0100
HO2412-C-2850                 ,.2,.2,.2,184,0.368,2840,-28.0,.2,.2,.2,0.0,0.0,0.0080
HO2412-C-2900                 ,.2,.2,.2,41,0.082,2500,-24.0,.2,.2,.2,0.0,0.0,0.0070
HO2412-C-2950                 ,.2,.2,.2,34,0.068,1298,-23.0,.2,.2,.2,0.0,0.0,0.0060
HO2412-C-3000                 ,.2,.2,.2,106,0.212,3676,-78.0,.2,.2,.2,0.0,0.0,0.0050
HO2412-C-3050                 ,.2,.2,.2,53,0.106,1050,-15.0,.2,.2,.2,0.0,0.0,0.0050
HO2412-C-3100                 ,.2,.2,.2,119,0.238,1580,22.0,.2,.2,.2,0.0,0.0,0.0040
HO2412-C-3150                 ,.2,.2,.2,193,0.386,6163,-155.0,.2,.2,.2,0.0,0.0,0.0040
HO2412-P-1950                 ,.2,.2,.2,16,0.032,182,-4.0,.2,.2,.2,0.0,0.0,-0.0020
HO2412-P-2000                 ,.2,.2,.2,17,0.034,168,6.0,.2,.2,.2,0.0,0.0,-0.0020
HO2412-P-2025                 ,.2,.2,.2,17,0.034,102,4.0,.2,.2,.2,0.0,0.0,-0.0020
HO2412-P-2050                 ,.2,.2,.2,17,0.034,104,5.0,.2,.2,.2,0.0,0.0,-0.0030
HO2412-P-2075                 ,.2,.2,.2,14,0.028,87,6.0,.2,.2,.2,0.0,0.0,-0.0030
HO2412-P-2100                 ,.2,.2,.2,20,0.04,244,1.0,.2,.2,.2,0.0,0.0,-0.0030
HO2412-P-2125                 ,.2,.2,.2,11,0.022,84,7.0,.2,.2,.2,0.0,0.0,-0.0030
HO2412-P-2150                 ,.2,.2,.2,17,0.034,195,7.0,.2,.2,.2,0.0,0.0,-0.0030
HO2412-P-2175                 ,.2,.2,.2,10,0.02,78,7.0,.2,.2,.2,0.0,0.0,-0.0030
HO2412-P-2200                 ,.2,.2,.2,20,0.04,374,1.0,.2,.2,.2,0.0,0.0,-0.0030
HO2412-P-2225                 ,.2,.2,.2,12,0.024,145,7.0,.2,.2,.2,0.0,0.0,-0.0040
HO2412-P-2250                 ,.2,.2,.2,16,0.032,194,5.0,.2,.2,.2,0.0,0.0,-0.0040
HO2412-P-2275                 ,.2,.2,.2,13,0.026,130,6.0,.2,.2,.2,0.0,0.0,-0.0040
HO2412-P-2300                 ,.2,.2,.2,12,0.024,668,3.0,.2,.2,.2,0.0,0.0,-0.0040
HO2412-P-2325                 ,.2,.2,.2,21,0.042,156,-2.0,.2,.2,.2,0.0,0.0,-0.0050
HO2412-P-2350                 ,.2,.2,.2,24,0.048,349,4.0,.2,.2,.2,0.0,0.0,-0.0050
HO2412-P-2375                 ,.2,.2,.2,41,0.082,318,-2.0,.2,.2,.2,0.0,0.0,-0.0050
HO2412-P-2400                 ,.2,.2,.2,70,0.14,759,21.0,.2,.2,.2,0.0,0.0,-0.0060
HO2412-P-2425                 ,.2,.2,.2,69,0.138,681,-10.0,.2,.2,.2,0.0,0.0,-0.0060
HO2412-P-2450                 ,.2,.2,.2,99,0.198,798,2.0,.2,.2,.2,0.0,0.0,-0.0070
HO2412-P-2475                 ,.2,.2,.2,68,0.136,541,1.0,.2,.2,.2,0.0,0.0,-0.0070
HO2412-P-2500                 ,.2,.4,.2,113,0.258,1808,49.0,.2,.2,.2,0.0,0.0,-0.0080
HO2412-P-2550                 ,.6,.8,.2,375,0.82,1718,-21.0,.2,.2,.2,0.0,0.0,-0.0110
HO2412-P-2600                 ,2.4,3.6,.4,2332,30.988,2361,-341.0,.8,.8,1.2,-0.4,-0.4,-0.0490
HO2412-P-2650                 ,15.8,21.6,3.8,7727,801,1999,-820.0,7.2,7.2,8.6,-1.4,-1.4,-0.3390
HO2412-P-2700                 ,49.8,62.2,32.4,1998,882.698,1642,-597.0,41.8,41.8,37.4,4.4,4.4,-0.8000
HO2412-P-2750                 ,101.2,106,80,402,357.274,757,-147.0,90.2,90.2,85.6,4.6,4.6,-0.8980
HO2412-P-2800                 ,151,160.6,132.2,111,153.738,471,-18.0,139,137.6,133,6.0,4.6,-0.9750
HO2412-P-2850                 ,189.2,190,180.2,19,35.332,160,-4.0,189,187,182.4,6.6,4.6,-0.9920
HO2412-P-2900                 ,238.8,238.8,231.6,35,82.184,92,-10.0,234.8,237,232.2,2.6,4.8,-0.9960
HO2412-P-2950                 ,288.2,288.2,284.8,5,14.248,54,2.0,284.8,287,282.2,2.6,4.8,-0.9980
HO2412-P-3000                 ,338.2,339.4,337.6,7,23.662,170,0.0,339.4,337,332.2,7.2,4.8,-0.9980
HO2412-P-3050                 ,,,,0,0,72,0.0,377.6,387,382.2,-4.6,4.8,-0.9980
HO2412-P-3100                 ,435,438.6,435,9,39.142,47,-4.0,438.4,437,432.2,6.2,4.8,-0.9970
HO2412-P-3150                 ,485.2,489.4,485.2,13,63.192,100,-3.0,488,487,482.2,5.8,4.8,-0.9960
HO2501-C-2300                 ,,,,0,0,4,0.0,351,361.8,366.2,-15.2,-4.4,0.9900
HO2501-C-2325                 ,,,,0,0,1,0.0,350.2,337,341.4,8.8,-4.4,0.9870
HO2501-C-2350                 ,,,,0,0,26,0.0,325,312.4,316.6,8.4,-4.2,0.9810
HO2501-C-2375                 ,286.4,286.6,286.4,3,8.65,9,1.0,286.6,288.6,292,-5.4,-3.4,0.9670
HO2501-C-2400                 ,252,272.8,252,4,10.594,50,2.0,266.6,264.6,269,-2.4,-4.4,0.9540
HO2501-C-2425                 ,,,,0,0,32,0.0,250.2,239.8,243.4,6.8,-3.6,0.9490
HO2501-C-2450                 ,220.4,225,215.2,16,35.152,92,-6.0,216,216.2,220,-4.0,-3.8,0.9300
HO2501-C-2475                 ,195,199,195,2,3.94,42,0.0,199,194.2,199,0.0,-4.8,0.8980
HO2501-C-2500                 ,158,177,157.2,26,44.12,187,13.0,171.8,172,176.6,-4.8,-4.6,0.8670
HO2501-C-2550                 ,120.4,136.2,119,137,174.308,417,76.0,132.2,132.2,136.6,-4.4,-4.4,0.7770
HO2501-C-2600                 ,85.2,103.4,82.2,369,349.69,579,99.0,95.8,96.6,100.8,-5.0,-4.2,0.6680
HO2501-C-2650                 ,58,72.6,55,786,529.886,838,171.0,66.6,66.6,70.2,-3.6,-3.6,0.5420
HO2501-C-2700                 ,45,51.6,40.8,1096,512.416,1808,254.0,47,47,50.2,-3.2,-3.2,0.4180
HO2501-C-2750                 ,33,35.6,27.4,405,131.778,1237,108.0,32.2,32.2,34.8,-2.6,-2.6,0.3110
HO2501-C-2800                 ,22,24.6,18,1095,246.294,2218,210.0,22.4,22.4,24.2,-1.8,-1.8,0.2290
HO2501-C-2850                 ,14.2,17,13.6,354,54.586,1345,108.0,15,15,17,-2.0,-2.0,0.1630
HO2501-C-2900                 ,9.6,12.4,9,397,43.95,1817,53.0,11.4,11.4,12.2,-0.8,-0.8,0.1240
HO2501-C-2950                 ,7,8.8,7,217,17.324,1064,33.0,7.8,8,8.4,-0.6,-0.4,0.0900
HO2501-C-3000                 ,5.8,7,5,337,22.32,2391,78.0,6.4,6.4,7,-0.6,-0.6,0.0710
HO2501-C-3050                 ,4.4,5.6,4.4,278,14.076,758,8.0,4.8,4.8,4.8,0.0,0.0,0.0530
HO2501-C-3100                 ,3.8,5.2,3.8,464,22.022,3529,171.0,4.8,4.8,4.2,0.6,0.6,0.0500
HO2501-P-2300                 ,1,1,1,39,0.27,177,9.0,1,.4,.2,0.8,0.2,-0.0080
HO2501-P-2325                 ,.8,1,.8,75,0.63,159,10.0,.8,.6,.4,0.4,0.2,-0.0120
HO2501-P-2350                 ,1,1.2,1,40,0.436,808,4.0,1.2,1,.8,0.4,0.2,-0.0170
HO2501-P-2375                 ,1.8,1.8,1.8,30,0.53,331,14.0,1.8,1.8,1.6,0.2,0.2,-0.0280
HO2501-P-2400                 ,2.8,2.8,2.2,67,1.576,496,11.0,2.4,2.2,2.2,0.2,0.0,-0.0360
HO2501-P-2425                 ,3.6,3.6,3.4,19,0.642,319,1.0,3.4,3.2,3.2,0.2,0.0,-0.0490
HO2501-P-2450                 ,4.8,6.6,4.4,175,8.57,580,78.0,4.8,4.8,4.6,0.2,0.2,-0.0700
HO2501-P-2475                 ,7,10,6.6,121,9.472,445,-2.0,6.6,6.4,6.6,0.0,-0.2,-0.0920
HO2501-P-2500                 ,11,13.2,8.8,219,23.458,722,30.0,9,9,9.8,-0.8,-0.8,-0.1210
HO2501-P-2550                 ,23,24.6,17.2,269,54.636,817,92.0,17.4,17.4,18.6,-1.2,-1.2,-0.2070
HO2501-P-2600                 ,35.4,42.2,30.8,349,120.276,858,117.0,31.2,31.2,33,-1.8,-1.8,-0.3220
HO2501-P-2650                 ,65,68,51.4,388,218.018,623,76.0,53.8,53.8,52.4,1.4,1.4,-0.4560
HO2501-P-2700                 ,98.6,98.6,79.2,387,329.954,817,11.0,82,82.8,81.8,0.2,1.0,-0.5840
HO2501-P-2750                 ,135.2,135.2,115.6,29,34.926,296,3.0,116.6,119.8,117,-0.4,2.8,-0.6880
HO2501-P-2800                 ,174,174,155,24,38.952,314,1.0,160.8,159.8,156.6,4.2,3.2,-0.7720
HO2501-P-2850                 ,200,205,198,37,73.958,147,10.0,202,202.6,198.6,3.4,4.0,-0.8360
HO2501-P-2900                 ,246.4,246.4,245.8,5,12.302,150,3.0,245.8,247.2,243.6,2.2,3.6,-0.8870
HO2501-P-2950                 ,298,298,294.8,6,17.786,84,6.0,294.8,295.2,291,3.8,4.2,-0.9110
HO2501-P-3000                 ,346.8,346.8,346.8,3,10.404,195,3.0,346.8,342.8,339.4,7.4,3.4,-0.9360
HO2501-P-3050                 ,,,,0,0,48,0.0,389.4,392.8,387.6,1.8,5.2,-0.9410
HO2501-P-3100                 ,,,,0,0,80,0.0,428.8,442,436.4,-7.6,5.6,-0.9490
HO2502-C-2300                 ,,,,0,0,0,0.0,294.8,368,373.2,-78.4,-5.2,0.9570
HO2502-C-2325                 ,,,,0,0,0,0.0,317,344.2,349.4,-32.4,-5.2,0.9460
HO2502-C-2350                 ,,,,0,0,6,0.0,334.8,320.4,325.8,9.0,-5.4,0.9360
HO2502-C-2375                 ,,,,0,0,8,0.0,355.4,297.4,302.4,53.0,-5.0,0.9200
HO2502-C-2400                 ,,,,0,0,3,0.0,261,274.6,279.6,-18.6,-5.0,0.9020
HO2502-C-2425                 ,,,,0,0,3,0.0,298.8,253.2,258.4,40.4,-5.2,0.8770
HO2502-C-2450                 ,,,,0,0,6,0.0,275.4,232,237.6,37.8,-5.6,0.8510
HO2502-C-2475                 ,,,,0,0,6,0.0,262,211.6,217.2,44.8,-5.6,0.8210
HO2502-C-2500                 ,,,,0,0,13,0.0,174.8,192.2,197.8,-23.0,-5.6,0.7880
HO2502-C-2550                 ,157.6,157.6,156,3,4.712,43,0.0,156,155.2,162.2,-6.2,-7.0,0.7160
HO2502-C-2600                 ,117.4,122,117.4,4,4.822,27,-3.0,122,125.4,131.2,-9.2,-5.8,0.6290
HO2502-C-2650                 ,97.8,102.2,97.8,4,3.996,34,-4.0,101.8,99.6,104.4,-2.6,-4.8,0.5420
HO2502-C-2700                 ,78,80.8,78,17,13.662,86,16.0,80.8,80,83.4,-2.6,-3.4,0.4600
HO2502-C-2750                 ,60,62.4,60,21,12.928,50,-2.0,62.4,61.6,66.2,-3.8,-4.6,0.3820
HO2502-C-2800                 ,47.6,50.8,47.6,17,8.302,162,-13.0,48.6,48.8,52.8,-4.2,-4.0,0.3160
HO2502-C-2850                 ,37.6,40.8,36.6,89,33.988,105,-24.0,36.8,37.2,41.6,-4.8,-4.4,0.2550
HO2502-C-2900                 ,30.8,31.2,30.8,4,1.238,28,-2.0,31,30.8,32.6,-1.6,-1.8,0.2130
HO2502-C-2950                 ,24.4,24.4,23.8,5,1.214,124,-4.0,23.8,23.8,26,-2.2,-2.2,0.1710
HO2502-C-3000                 ,17.8,20.6,17.8,31,6.042,123,12.0,19,19,20.6,-1.6,-1.6,0.1400
HO2502-P-2300                 ,3.6,4,3.6,24,0.884,149,5.0,4,3.4,3.2,0.8,0.2,-0.0380
HO2502-P-2325                 ,4.8,5,4.6,31,1.466,111,11.0,4.6,4.4,4.2,0.4,0.2,-0.0460
HO2502-P-2350                 ,6.4,6.8,5.8,64,4.082,114,51.0,5.8,5.8,5.6,0.2,0.2,-0.0590
HO2502-P-2375                 ,7.6,8,7,79,5.646,210,66.0,7.4,7.2,7,0.4,0.2,-0.0720
HO2502-P-2400                 ,9.6,10.2,9,159,14.886,321,117.0,9.2,9.2,9.2,0.0,0.0,-0.0890
HO2502-P-2425                 ,13.8,13.8,12,3,0.38,20,1.0,12,12.4,12,0.0,0.4,-0.1140
HO2502-P-2450                 ,17.8,17.8,15.6,38,6.312,58,29.0,15.6,16.2,16,-0.4,0.2,-0.1410
HO2502-P-2475                 ,,,,0,0,29,0.0,20.4,20.4,20,0.4,0.4,-0.1700
HO2502-P-2500                 ,29.4,29.4,24.8,10,2.598,51,3.0,24.8,26,25.4,-0.6,0.6,-0.2050
HO2502-P-2550                 ,41,41,39.6,2,0.806,28,-1.0,39.6,40.2,39.4,0.2,0.8,-0.2810
HO2502-P-2600                 ,63.2,63.2,59.4,2,1.226,29,1.0,59.4,59,57,2.4,2.0,-0.3660
HO2502-P-2650                 ,84,84,82.6,4,3.334,66,2.0,83.8,82.4,81,2.8,1.4,-0.4540
HO2502-P-2700                 ,119.6,119.6,119.6,1,1.196,20,0.0,119.6,111.8,109.4,10.2,2.4,-0.5390
HO2502-P-2750                 ,142.2,143.2,142.2,3,4.282,16,-1.0,143.2,141.6,142.8,0.4,-1.2,-0.6220
HO2502-P-2800                 ,,,,0,0,27,0.0,180.8,181,179,1.8,2.0,-0.6860
HO2502-P-2850                 ,,,,0,0,25,0.0,214.4,221,218,-3.6,3.0,-0.7420
HO2502-P-2900                 ,,,,0,0,15,0.0,245.8,262.8,258.6,-12.8,4.2,-0.7900
HO2502-P-2950                 ,308,308,308,1,3.08,26,0.0,308,306.2,303,5.0,3.2,-0.8300
HO2502-P-3000                 ,,,,0,0,1,0.0,344.2,351,346.8,-2.6,4.2,-0.8630
HO2503-C-1950                 ,,,,0,0,13,0.0,696.6,719,723.4,-26.8,-4.4,0.9720
HO2503-C-2000                 ,,,,0,0,9,0.0,646.4,669.6,673.8,-27.4,-4.2,0.9680
HO2503-C-2050                 ,,,,0,0,12,0.0,815.8,620.4,624.6,191.2,-4.2,0.9640
HO2503-C-2100                 ,,,,0,0,98,0.0,550,571.6,575.6,-25.6,-4.0,0.9570
HO2503-C-2150                 ,,,,0,0,120,0.0,535.6,523.6,528,7.6,-4.4,0.9460
HO2503-C-2200                 ,,,,0,0,52,0.0,508,475,479,29.0,-4.0,0.9370
HO2503-C-2250                 ,,,,0,0,58,0.0,461.2,427.6,430.8,30.4,-3.2,0.9210
HO2503-C-2300                 ,,,,0,0,68,0.0,390.4,381.2,384.6,5.8,-3.4,0.9010
HO2503-C-2350                 ,330.6,331,325.6,3,9.872,98,-1.0,325.6,336,339.4,-13.8,-3.4,0.8740
HO2503-C-2400                 ,296.4,298.6,290,8,23.72,159,1.0,297,297,296.8,0.2,0.2,0.8270
HO2503-C-2450                 ,250,250,250,1,2.5,85,0.0,250,253,256,-6.0,-3.0,0.7910
HO2503-C-2500                 ,215.6,218.6,215.6,4,8.684,230,2.0,216.2,215.4,219.2,-3.0,-3.8,0.7380
HO2503-C-2600                 ,144,151.8,144,18,26.332,337,9.0,149.8,151.4,155.2,-5.4,-3.8,0.6120
HO2503-C-2700                 ,100,107.8,100,49,50.63,505,19.0,107.8,105,108.6,-0.8,-3.6,0.4780
HO2503-C-2800                 ,63.6,75.2,63.6,71,50.914,658,18.0,75.2,73.6,74.8,0.4,-1.2,0.3630
HO2503-C-2900                 ,48.6,53.2,47.6,48,24.672,576,22.0,53.2,52.2,52.6,0.6,-0.4,0.2720
HO2503-C-3000                 ,33.4,37.2,33.4,75,27.038,983,11.0,37.2,36.4,36.2,1.0,0.2,0.2000
HO2503-C-3100                 ,11.8,26.6,11.8,22,5.51,1305,15.0,25.8,26,26.8,-1.0,-0.8,0.1480
HO2503-C-3200                 ,19.8,22.8,18.4,157,33.796,3625,-2.0,21,21,21.2,-0.2,-0.2,0.1180
HO2503-P-1950                 ,1.6,1.6,1.6,2,0.032,310,2.0,1.6,1.6,1.4,0.2,0.2,-0.0120
HO2503-P-2000                 ,1.8,1.8,1.8,1,0.018,102,0.0,1.8,1.8,1.4,0.4,0.4,-0.0140
HO2503-P-2050                 ,2.6,2.6,2.6,13,0.32,119,-4.0,2.6,2.4,2,0.6,0.4,-0.0190
HO2503-P-2100                 ,2.8,3.6,2.8,25,0.82,140,-11.0,3.6,3.4,2.6,1.0,0.8,-0.0250
HO2503-P-2150                 ,4,4.4,4,34,1.392,107,-7.0,4.4,4.2,3.6,0.8,0.6,-0.0320
HO2503-P-2200                 ,5,5.6,5,26,1.352,160,-5.0,5.6,5.4,5,0.6,0.4,-0.0420
HO2503-P-2250                 ,7.2,7.6,7.2,18,1.314,114,7.0,7.6,7.6,6.8,0.8,0.8,-0.0570
HO2503-P-2300                 ,10.6,10.8,10.4,11,1.174,219,2.0,10.8,11,10.4,0.4,0.6,-0.0790
HO2503-P-2350                 ,16,16,15,125,19.082,256,-57.0,15.2,15.6,15.2,0.0,0.4,-0.1080
HO2503-P-2400                 ,25,25,21,30,6.512,324,10.0,22,21.8,22.2,-0.2,-0.4,-0.1440
HO2503-P-2450                 ,,,,0,0,335,0.0,30.8,30.4,30.4,0.4,0.0,-0.1900
HO2503-P-2500                 ,48.4,48.4,45,3,1.418,214,0.0,45,43.2,43.6,1.4,-0.4,-0.2480
HO2503-P-2600                 ,82,82,82,1,0.82,258,-1.0,82,79.2,79.2,2.8,0.0,-0.3810
HO2503-P-2700                 ,144.2,144.2,131.2,8,10.746,278,-2.0,131.2,132.2,130.6,0.6,1.6,-0.5190
HO2503-P-2800                 ,214.2,214.2,199.6,7,14.324,109,-2.0,199.6,199.2,196.6,3.0,2.6,-0.6410
HO2503-P-2900                 ,,,,0,0,54,0.0,274.2,276.8,272.4,1.8,4.4,-0.7380
HO2503-P-3000                 ,,,,0,0,25,0.0,353.8,362,358.4,-4.6,3.6,-0.8090
HO2503-P-3100                 ,,,,0,0,27,0.0,443.2,451.8,447.8,-4.6,4.0,-0.8610
HO2503-P-3200                 ,,,,0,0,17,0.0,559,544.2,537.6,21.4,6.6,-0.9000
HO2506-C-1950                 ,721.2,721.2,721.2,1,7.212,51,0.0,721.2,721,732.6,-11.4,-11.6,0.9490
HO2506-C-2000                 ,672.8,672.8,672.8,1,6.728,79,0.0,672.8,674,671.8,1.0,2.2,0.9380
HO2506-C-2050                 ,,,,0,0,67,0.0,632,626,624.6,7.4,1.4,0.9300
HO2506-C-2100                 ,579.2,579.2,579.2,2,11.656,54,-1.0,579.2,580,586.4,-7.2,-6.4,0.9160
HO2506-C-2150                 ,,,,0,0,24,0.0,807.2,536.2,545.2,262.0,-9.0,0.8960
HO2506-C-2200                 ,488.6,488.6,488.6,2,9.772,68,-2.0,488.6,490.2,499,-10.4,-8.8,0.8800
HO2506-C-2250                 ,444.8,444.8,444.8,1,4.448,88,0.0,444.8,445.6,450,-5.2,-4.4,0.8600
HO2506-C-2300                 ,405.8,406.6,405.8,6,24.372,206,-6.0,406.6,403.8,413.2,-6.6,-9.4,0.8320
HO2506-C-2350                 ,,,,0,0,100,0.0,353.4,364.8,373.6,-20.2,-8.8,0.7990
HO2506-C-2400                 ,327.8,330.4,324.6,12,39.268,83,0.0,324.6,327.2,336.4,-11.8,-9.2,0.7630
HO2506-C-2450                 ,288.6,288.6,288.6,1,2.886,28,0.0,288.6,293.2,302.4,-13.8,-9.2,0.7220
HO2506-C-2500                 ,260.6,262.4,260.6,7,18.308,93,2.0,262.2,263,272.8,-10.6,-9.8,0.6780
HO2506-C-2600                 ,205.6,209,201.8,26,52.842,156,2.0,205,207.8,218,-13.0,-10.2,0.5890
HO2506-C-2700                 ,160,166,157.4,53,85.68,185,14.0,166,163.6,171.2,-5.2,-7.6,0.5010
HO2506-C-2800                 ,129.6,134.2,125.4,118,155.292,768,76.0,133.4,129,137.6,-4.2,-8.6,0.4200
HO2506-C-2900                 ,103.6,104.2,102.4,24,24.846,315,23.0,102.8,102.4,109,-6.2,-6.6,0.3500
HO2506-C-3000                 ,,,,0,0,170,0.0,80,80.6,86.6,-6.6,-6.0,0.2890
HO2506-C-3100                 ,64.2,64.2,64.2,2,1.284,365,0.0,64.2,64.2,69,-4.8,-4.8,0.2380
HO2506-C-3200                 ,52.6,53,50.2,41,21.434,902,-15.0,52.6,51.2,57,-4.4,-5.8,0.1960
HO2506-P-1950                 ,7.2,7.6,4.4,10,0.686,105,-2.0,4.4,4.4,6.2,-1.8,-1.8,-0.0250
HO2506-P-2000                 ,9,9,6,15,1.136,87,0.0,6,6,7.8,-1.8,-1.8,-0.0330
HO2506-P-2050                 ,10.6,10.6,7.8,17,1.61,68,-1.0,8,8,10,-2.0,-2.0,-0.0430
HO2506-P-2100                 ,10.8,10.8,10.4,4,0.42,60,3.0,10.4,10.4,13,-2.6,-2.6,-0.0550
HO2506-P-2150                 ,14.4,14.4,14.4,4,0.6,48,1.0,14.4,13.8,16.8,-2.4,-3.0,-0.0710
HO2506-P-2200                 ,,,,0,0,43,0.0,20.4,18.6,22,-1.6,-3.4,-0.0910
HO2506-P-2250                 ,25.2,25.2,25.2,1,0.252,39,1.0,25.2,24.6,28,-2.8,-3.4,-0.1150
HO2506-P-2300                 ,33,33,31.4,18,5.838,187,-10.0,31.4,32.6,36.4,-5.0,-3.8,-0.1450
HO2506-P-2350                 ,43.8,43.8,43.8,2,0.9,131,0.0,43.8,42.6,46.2,-2.4,-3.6,-0.1800
HO2506-P-2400                 ,56.2,56.6,54.4,30,16.73,176,-3.0,55,53.8,57,-2.0,-3.2,-0.2170
HO2506-P-2450                 ,,,,0,0,67,0.0,72,69.4,71.8,0.2,-2.4,-0.2600
HO2506-P-2500                 ,,,,0,0,57,0.0,91.8,87,90.2,1.6,-3.2,-0.3050
HO2506-P-2600                 ,,,,0,0,69,0.0,132.4,131.4,133.8,-1.4,-2.4,-0.4000
HO2506-P-2700                 ,,,,0,0,76,0.0,185.2,185.6,187.4,-2.2,-1.8,-0.4930
HO2506-P-2800                 ,,,,0,0,70,0.0,255.2,252.8,253.2,2.0,-0.4,-0.5760
HO2506-P-2900                 ,324.6,324.8,324.6,9,29.226,82,-3.0,324.8,322.8,323,1.8,-0.2,-0.6520
HO2506-P-3000                 ,,,,0,0,44,0.0,391.2,399,399.8,-8.6,-0.8,-0.7190
HO2506-P-3100                 ,484.2,484.2,484.2,2,9.684,14,-2.0,484.2,482,481,3.2,1.0,-0.7720
HO2506-P-3200                 ,,,,0,0,19,0.0,564.8,567,568,-3.2,-1.0,-0.8190
HO2509-C-2000                 ,,,,0,0,36,0.0,714.6,679.8,681,33.6,-1.2,0.9130
HO2509-C-2050                 ,,,,0,0,28,0.0,635,635,636.4,-1.4,-1.4,0.8980
HO2509-C-2100                 ,,,,0,0,22,0.0,562,590.8,592.4,-30.4,-1.6,0.8820
HO2509-C-2150                 ,,,,0,0,25,0.0,565,548.8,550.2,14.8,-1.4,0.8620
HO2509-C-2200                 ,,,,0,0,29,0.0,616.8,508.2,509.4,107.4,-1.2,0.8380
HO2509-C-2250                 ,,,,0,0,16,0.0,440.8,467.2,469.4,-28.6,-2.2,0.8150
HO2509-C-2300                 ,,,,0,0,14,0.0,440.6,429.2,431.2,9.4,-2.0,0.7880
HO2509-C-2350                 ,,,,0,0,16,0.0,450,393.2,395.4,54.6,-2.2,0.7570
HO2509-C-2400                 ,,,,0,0,24,0.0,416,360.2,362.6,53.4,-2.4,0.7240
HO2509-C-2450                 ,,,,0,0,13,0.0,335,328.6,331.2,3.8,-2.6,0.6900
HO2509-C-2500                 ,293,300.4,293,4,11.794,30,3.0,300.4,301.6,308.2,-7.8,-6.6,0.6540
HO2509-C-2600                 ,244.8,247.4,244.8,2,4.922,127,0.0,247.4,250,255.4,-8.0,-5.4,0.5820
HO2509-C-2700                 ,210.6,210.6,210.6,1,2.106,155,1.0,210.6,207.8,211.2,-0.6,-3.4,0.5130
HO2509-C-2800                 ,,,,0,0,224,0.0,173.8,174,177.6,-3.8,-3.6,0.4490
HO2509-C-2900                 ,148.6,148.6,148.6,2,2.972,337,2.0,148.6,148.6,150,-1.4,-1.4,0.3930
HO2509-C-3000                 ,123,123.2,123,3,3.712,111,0.0,123.2,121.2,125,-1.8,-3.8,0.3380
HO2509-C-3100                 ,,,,0,0,316,0.0,105.6,102.4,104.6,1.0,-2.2,0.2940
HO2509-C-3200                 ,84.8,89.6,84.8,24,21.234,647,-1.0,89.6,87.6,90,-0.4,-2.4,0.2560
HO2509-P-2000                 ,15.6,16,14.4,21,3.242,220,-5.0,16,15.8,15.4,0.6,0.4,-0.0620
HO2509-P-2050                 ,,,,0,0,184,0.0,20,19.8,19.6,0.4,0.2,-0.0760
HO2509-P-2100                 ,23.4,23.4,23.4,1,0.234,136,0.0,23.4,23.6,24.6,-1.2,-1.0,-0.0900
HO2509-P-2150                 ,,,,0,0,122,0.0,29.6,31.2,30.6,-1.0,0.6,-0.1130
HO2509-P-2200                 ,,,,0,0,125,0.0,37.2,38.4,37.6,-0.4,0.8,-0.1350
HO2509-P-2250                 ,,,,0,0,30,0.0,47.6,47.6,47.6,0.0,0.0,-0.1600
HO2509-P-2300                 ,,,,0,0,52,0.0,60.2,57.6,57.8,2.4,-0.2,-0.1880
HO2509-P-2350                 ,,,,0,0,76,0.0,70.8,71.8,72.2,-1.4,-0.4,-0.2210
HO2509-P-2400                 ,86.6,86.6,86.6,1,0.866,73,0.0,86.6,87.6,88.6,-2.0,-1.0,-0.2550
HO2509-P-2450                 ,104,106,102.4,6,6.232,65,0.0,106,104.2,104.6,1.4,-0.4,-0.2910
HO2509-P-2500                 ,,,,0,0,56,0.0,125.4,125.4,125.2,0.2,0.2,-0.3280
HO2509-P-2600                 ,,,,0,0,47,0.0,173.4,172.4,173,0.4,-0.6,-0.4030
HO2509-P-2700                 ,231.6,232.4,230.8,3,6.948,56,0.0,230.8,229.2,230.2,0.6,-1.0,-0.4760
HO2509-P-2800                 ,,,,0,0,40,0.0,291.6,293,294.2,-2.6,-1.2,-0.5440
HO2509-P-2900                 ,,,,0,0,34,0.0,360,362.8,363.6,-3.6,-0.8,-0.6050
HO2509-P-3000                 ,,,,0,0,23,0.0,444.4,437.8,438,6.4,-0.2,-0.6590
HO2509-P-3100                 ,,,,0,0,27,0.0,514,516.6,517,-3.0,-0.4,-0.7080
HO2509-P-3200                 ,,,,0,0,56,0.0,590.8,600.4,600.6,-9.8,-0.2,-0.7470
小计,,,,44954,10827.940,107766.0,-2614.0,,,,,,
IC2412                        ,5850.2,5929.8,5821,48608,5702807.068,32535,-18810.0,5911.6,5909,5889,22.6,20.0,--
IC2501                        ,5826.8,5905.6,5795,40662,4754878.832,69211,15907.0,5884,5884.2,5863.6,20.4,20.6,--
IC2503                        ,5755.2,5858,5740,34199,3963645.46,104284,6519.0,5837.2,5836.8,5813.8,23.4,23.0,--
IC2506                        ,5670,5750,5641,8811,1002709.568,36171,1762.0,5730.4,5728.6,5709,21.4,19.6,--
小计,,,,132280,15424040.928,242201.0,5378.0,,,,,,
IF2412                        ,3910.8,3956.6,3897.2,55685,6568648.764,43675,-23061.0,3944.8,3946,3940,4.8,6.0,--
IF2501                        ,3910,3953.8,3895,40006,4720312.062,65559,19160.0,3944.4,3944.2,3937.4,7.0,6.8,--
IF2503                        ,3904.6,3953,3895,46450,5477654.562,132028,10319.0,3944.4,3944,3937.8,6.6,6.2,--
IF2506                        ,3897,3929,3875.2,10161,1191541.098,45737,3545.0,3921.4,3920.4,3916.4,5.0,4.0,--
小计,,,,152302,17958156.486,286999.0,9963.0,,,,,,
IH2412                        ,2653,2672.2,2638.6,28284,2256575.064,23790,-9759.0,2660,2663,2667.8,-7.8,-4.8,--
IH2501                        ,2651.4,2671.2,2636.6,20216,1612573.002,29148,6914.0,2660.4,2662,2664.2,-3.8,-2.2,--
IH2503                        ,2655,2676.4,2642.2,18621,1488276.912,49788,3477.0,2667,2668.2,2670,-3.0,-1.8,--
IH2506                        ,2656.4,2676.6,2643.4,2778,222048.018,12331,62.0,2668,2668.2,2671,-3.0,-2.8,--
小计,,,,69899,5579472.996,115057.0,694.0,,,,,,
IM2412                        ,6131.8,6231.6,6096,96333,11865979.456,52443,-28645.0,6218,6207.2,6194.6,23.4,12.6,--
IM2501                        ,6101,6192.4,6052.2,81267,9953147.98,100436,27014.0,6180.6,6168.6,6154.4,26.2,14.2,--
IM2503                        ,6010,6110,5968,92263,11141596.3,141988,14831.0,6096.8,6086.6,6070.8,26.0,15.8,--
IM2506                        ,5888.6,5974,5832.8,19310,2279931.604,54035,2535.0,5963,5950,5933.4,29.6,16.6,--
小计,,,,289173,35240655.340,348902.0,15735.0,,,,,,
IO2412-C-2800                 ,1131.6,1131.6,1126,3,33.862,134,-1.0,1126,1146.4,1140.4,-14.4,6.0,0.9970
IO2412-C-2850                 ,,,,0,0,45,0.0,1084.8,1096.2,1090.2,-5.4,6.0,0.9970
IO2412-C-2900                 ,1031.8,1044.8,1024.4,4,41.27,136,-3.0,1044.8,1046.2,1040.2,4.6,6.0,0.9980
IO2412-C-2950                 ,,,,0,0,32,0.0,999.8,996.2,990,9.8,6.2,0.9980
IO2412-C-3000                 ,913.4,945,913.4,10,93.762,145,-7.0,940.4,946,940,0.4,6.0,0.9980
IO2412-C-3050                 ,,,,0,0,34,0.0,926.4,896,890,36.4,6.0,0.9980
IO2412-C-3100                 ,831.6,849.6,822.2,7,58.226,200,-3.0,849.6,846,840,9.6,6.0,0.9990
IO2412-C-3150                 ,779,779,779,2,15.69,55,-1.0,779,796,790,-11.0,6.0,0.9990
IO2412-C-3200                 ,718,752.4,718,29,215.068,277,-12.0,752.4,746,740,12.4,6.0,0.9990
IO2412-C-3250                 ,,,,0,0,51,0.0,689.6,696,689.8,-0.2,6.2,0.9990
IO2412-C-3300                 ,611.4,643.4,611.4,9,56.382,1049,0.0,643.4,646,639.8,3.6,6.2,0.9990
IO2412-C-3350                 ,586.2,593.8,586.2,2,11.8,57,-1.0,593.8,596,589.8,4.0,6.2,0.9990
IO2412-C-3400                 ,517.4,554,517.4,38,199.382,1740,0.0,541,546,539.8,1.2,6.2,0.9990
IO2412-C-3450                 ,498.2,499,498.2,3,14.87,249,-1.0,499,496,489.8,9.2,6.2,0.9990
IO2412-C-3500                 ,401.2,454.2,401.2,238,1053.64,2304,-104.0,442.8,446,440,2.8,6.0,0.9990
IO2412-C-3550                 ,394.2,394.2,394.2,6,23.652,195,-6.0,394.2,396,390,4.2,6.0,0.9990
IO2412-C-3600                 ,303.8,347.4,300,102,342.48,1521,-30.0,344,346,340,4.0,6.0,0.9980
IO2412-C-3650                 ,270,301.2,270,23,64.64,290,7.0,301.2,296,290,11.2,6.0,0.9960
IO2412-C-3700                 ,205,253.6,198.8,153,369.748,879,-25.0,246.6,246.2,240.4,6.2,5.8,0.9910
IO2412-C-3750                 ,156,204.4,152,112,212.35,340,-13.0,194.2,196.8,191,3.2,5.8,0.9770
IO2412-C-3800                 ,110.6,155.6,102,600,799.116,768,-175.0,144.8,148.2,143,1.8,5.2,0.9420
IO2412-C-3850                 ,78,105.4,55.8,2569,2089.136,881,-106.0,95,102.4,90.4,4.6,12.0,0.8600
IO2412-C-3900                 ,30.2,58.6,25,11483,4855.58,2601,-660.0,49,49,48.4,0.6,0.6,0.8620
IO2412-C-3950                 ,11.8,20.8,8,20614,2953.368,4769,-387.0,14.8,14.8,18.2,-3.4,-3.4,0.4640
IO2412-C-4000                 ,4,6,2.6,8768,369.992,8518,311.0,3.8,3.8,6,-2.2,-2.2,0.1460
IO2412-C-4050                 ,1,1.8,.8,2263,27.176,4140,-230.0,.8,.8,2,-1.2,-1.2,0.0360
IO2412-C-4100                 ,.4,.8,.2,1721,8.782,7698,-755.0,.2,.2,.8,-0.6,-0.6,0.0090
IO2412-C-4150                 ,.4,.4,.2,303,0.798,2793,-213.0,.2,.2,.4,-0.2,-0.2,0.0080
IO2412-C-4200                 ,.2,.4,.2,651,1.332,5976,-474.0,.2,.2,.2,0.0,0.0,0.0060
IO2412-C-4250                 ,.2,.4,.2,230,0.462,1424,-190.0,.2,.2,.2,0.0,0.0,0.0060
IO2412-C-4300                 ,.2,.4,.2,278,0.704,3371,-156.0,.2,.2,.2,0.0,0.0,0.0050
IO2412-C-4350                 ,.2,.2,.2,147,0.294,1383,-131.0,.2,.2,.2,0.0,0.0,0.0040
IO2412-C-4400                 ,.2,.4,.2,260,0.526,3076,-30.0,.2,.2,.2,0.0,0.0,0.0040
IO2412-C-4450                 ,.2,.4,.2,164,0.342,2648,-20.0,.2,.2,.2,0.0,0.0,0.0040
IO2412-C-4500                 ,.2,.4,.2,214,0.434,2856,-107.0,.2,.2,.2,0.0,0.0,0.0030
IO2412-C-4550                 ,.2,.4,.2,66,0.134,737,-34.0,.2,.2,.2,0.0,0.0,0.0030
IO2412-C-4600                 ,.2,.2,.2,67,0.134,1208,-25.0,.2,.2,.2,0.0,0.0,0.0030
IO2412-C-4650                 ,.2,.2,.2,53,0.106,921,-21.0,.2,.2,.2,0.0,0.0,0.0030
IO2412-C-4700                 ,.2,.4,.2,247,0.496,7731,-174.0,.2,.2,.2,0.0,0.0,0.0030
IO2412-P-2800                 ,.2,.2,.2,26,0.052,574,-14.0,.2,.2,.2,0.0,0.0,-0.0010
IO2412-P-2850                 ,.2,.2,.2,28,0.056,261,3.0,.2,.2,.2,0.0,0.0,-0.0020
IO2412-P-2900                 ,.2,.2,.2,27,0.054,556,6.0,.2,.2,.2,0.0,0.0,-0.0020
IO2412-P-2950                 ,.2,.2,.2,23,0.046,313,6.0,.2,.2,.2,0.0,0.0,-0.0020
IO2412-P-3000                 ,.2,.2,.2,27,0.054,666,-13.0,.2,.2,.2,0.0,0.0,-0.0020
IO2412-P-3050                 ,.2,.2,.2,25,0.05,346,-8.0,.2,.2,.2,0.0,0.0,-0.0020
IO2412-P-3100                 ,.2,.2,.2,25,0.05,765,-11.0,.2,.2,.2,0.0,0.0,-0.0020
IO2412-P-3150                 ,.2,.2,.2,24,0.048,306,2.0,.2,.2,.2,0.0,0.0,-0.0020
IO2412-P-3200                 ,.2,.2,.2,23,0.046,477,2.0,.2,.2,.2,0.0,0.0,-0.0020
IO2412-P-3250                 ,.2,.2,.2,32,0.064,273,-13.0,.2,.2,.2,0.0,0.0,-0.0020
IO2412-P-3300                 ,.2,.2,.2,25,0.05,1430,6.0,.2,.2,.2,0.0,0.0,-0.0030
IO2412-P-3350                 ,.2,.2,.2,21,0.042,337,9.0,.2,.2,.2,0.0,0.0,-0.0030
IO2412-P-3400                 ,.2,.2,.2,22,0.044,959,-6.0,.2,.2,.2,0.0,0.0,-0.0030
IO2412-P-3450                 ,.2,.2,.2,22,0.044,490,8.0,.2,.2,.2,0.0,0.0,-0.0030
IO2412-P-3500                 ,.2,.2,.2,29,0.058,1500,-11.0,.2,.2,.2,0.0,0.0,-0.0040
IO2412-P-3550                 ,.2,.2,.2,38,0.076,1145,11.0,.2,.2,.2,0.0,0.0,-0.0010
IO2412-P-3600                 ,.2,.4,.2,286,0.648,3083,-93.0,.2,.2,.2,0.0,0.0,-0.0020
IO2412-P-3650                 ,.2,.4,.2,169,0.444,1465,-37.0,.2,.2,.2,0.0,0.0,-0.0050
IO2412-P-3700                 ,.4,.4,.2,178,0.488,2357,-95.0,.2,.2,.2,0.0,0.0,-0.0080
IO2412-P-3750                 ,.4,.4,.2,317,0.768,1641,-69.0,.2,.4,.2,0.0,0.2,0.0000
IO2412-P-3800                 ,1.2,1.6,.2,929,5.962,3142,-264.0,.2,.4,.4,-0.2,0.0,-0.0020
IO2412-P-3850                 ,5,7.8,.4,3384,84.47,3369,-317.0,.6,.6,1.6,-1.0,-1.0,-0.0300
IO2412-P-3900                 ,18,27.2,2.2,14781,1452.054,4791,252.0,3.8,3.8,8.6,-4.8,-4.8,-0.1570
IO2412-P-3950                 ,47.2,59.6,14,12483,3421.678,3972,-614.0,20.6,20.6,27.6,-7.0,-7.0,-0.5320
IO2412-P-4000                 ,85,103.4,50.4,3643,2541.332,3145,-454.0,58,58,66.2,-8.2,-8.2,-0.8490
IO2412-P-4050                 ,140,150.8,96.2,675,792.596,932,-133.0,106.6,106.6,111.6,-5.0,-5.0,-0.9200
IO2412-P-4100                 ,196,199.6,146,359,583.628,1338,-178.0,155.8,155.8,160.8,-5.0,-5.0,-0.9490
IO2412-P-4150                 ,230,230.6,195.6,74,156.72,561,-12.0,205.6,204.6,210.6,-5.0,-6.0,-0.9800
IO2412-P-4200                 ,267.6,278,245.6,44,115.88,427,-6.0,255.6,254.2,260.2,-4.6,-6.0,-0.9910
IO2412-P-4250                 ,323.8,325.6,301,26,81.946,241,-11.0,307.2,304,310,-2.8,-6.0,-0.9960
IO2412-P-4300                 ,390.4,390.4,348.4,17,61.858,184,-7.0,351.6,354,360,-8.4,-6.0,-0.9970
IO2412-P-4350                 ,422.4,422.4,401.2,20,80.862,117,-1.0,403,404.8,410.4,-7.4,-5.6,-0.9850
IO2412-P-4400                 ,469,469,446,14,63.676,87,-6.0,455.8,454,460,-4.2,-6.0,-0.9980
IO2412-P-4450                 ,,,,0,0,136,0.0,496.6,504,510,-13.4,-6.0,-0.9990
IO2412-P-4500                 ,569.2,569.6,569.2,4,22.772,48,-4.0,569.6,554,560,9.6,-6.0,-0.9980
IO2412-P-4550                 ,,,,0,0,43,0.0,609.4,604,610,-0.6,-6.0,-0.9980
IO2412-P-4600                 ,,,,0,0,55,0.0,645.6,654,660,-14.4,-6.0,-0.9980
IO2412-P-4650                 ,,,,0,0,45,0.0,709.6,704,710.8,-1.2,-6.8,-0.9970
IO2412-P-4700                 ,,,,0,0,125,0.0,760,754.8,760.2,-0.2,-5.4,-0.9900
IO2501-C-3450                 ,494.8,497,494.8,4,19.756,18,1.0,497,497.8,488.2,8.8,9.6,0.9630
IO2501-C-3500                 ,418.8,450.2,418.8,7,31.11,121,3.0,450,450,439.2,10.8,10.8,0.9480
IO2501-C-3550                 ,372.4,399.8,372.4,4,15.654,52,2.0,399.8,400.2,393.8,6.0,6.4,0.9420
IO2501-C-3600                 ,316.6,360.8,316.6,117,404.292,325,48.0,350,353,346.2,3.8,6.8,0.9210
IO2501-C-3650                 ,288.4,310,288.4,10,30.06,89,0.0,310,305.4,298.8,11.2,6.6,0.8990
IO2501-C-3700                 ,236.8,269.2,233,62,155.428,181,3.0,258,261,255,3.0,6.0,0.8600
IO2501-C-3750                 ,209.8,223.2,187.2,129,259.206,629,76.0,217.8,217.8,214.4,3.4,3.4,0.8140
IO2501-C-3800                 ,153.2,187.2,148.4,414,699.51,1110,70.0,179,177,176,3.0,1.0,0.7540
IO2501-C-3850                 ,121.2,149.6,119.4,137,187.644,369,30.0,144.4,144.4,140,4.4,4.4,0.6720
IO2501-C-3900                 ,80,121.2,80,2725,2961.056,2626,593.0,115,115,111.4,3.6,3.6,0.5870
IO2501-C-3950                 ,76,94.8,72.2,2520,2127.108,2894,805.0,90,90,87.8,2.2,2.2,0.5010
IO2501-C-4000                 ,70,74.6,56.8,3232,2156.636,3199,310.0,71.8,71.8,70,1.8,1.8,0.4210
IO2501-C-4050                 ,48,58.2,43,979,505.722,1205,117.0,55.6,55.6,54,1.6,1.6,0.3470
IO2501-C-4100                 ,41,46.2,35.4,2617,1082.512,6330,804.0,44.4,44.4,43.8,0.6,0.6,0.2860
IO2501-C-4150                 ,28.4,35.2,27.8,1292,404.46,1600,212.0,34.8,34.8,33.4,1.4,1.4,0.2330
IO2501-C-4200                 ,24,28.8,19.6,1848,471.746,3930,180.0,28.2,28.2,28.4,-0.2,-0.2,0.1920
IO2501-C-4250                 ,18.4,22.8,16,475,95.222,1747,146.0,21,21,21,0.0,0.0,0.1510
IO2501-C-4300                 ,15.8,18.4,14.6,993,165.196,2794,81.0,17,17.2,17.4,-0.4,-0.2,0.1250
IO2501-C-4350                 ,14,15.4,12,227,30.854,933,33.0,14.2,14.8,14.4,-0.2,0.4,0.1060
IO2501-C-4400                 ,10.6,13,10.2,287,32.654,1468,40.0,12.4,12.4,12,0.4,0.4,0.0890
IO2501-C-4450                 ,9,11,8.6,301,29.586,818,1.0,10,10,10,0.0,0.0,0.0730
IO2501-C-4500                 ,8,9.8,7.2,481,41.022,1805,141.0,9.2,9,8.8,0.4,0.2,0.0650
IO2501-C-4550                 ,6.4,7.8,6,205,14.316,971,15.0,7.4,7.4,7.4,0.0,0.0,0.0530
IO2501-C-4600                 ,7,7.6,6,852,58.396,4758,295.0,7,7,7,0.0,0.0,0.0490
IO2501-P-3450                 ,2.8,2.8,2,101,2.25,601,43.0,2.2,2.2,2,0.2,0.2,-0.0220
IO2501-P-3500                 ,3.6,3.8,2.6,154,5.15,1789,-22.0,3,2.8,3.2,-0.2,-0.4,-0.0290
IO2501-P-3550                 ,6.2,6.4,4.2,223,11.398,842,62.0,4.4,4.2,4.8,-0.4,-0.6,-0.0420
IO2501-P-3600                 ,8,8.8,5.8,510,34.998,1688,155.0,6,6.2,6.4,-0.4,-0.2,-0.0600
IO2501-P-3650                 ,12,14,9.2,750,81.146,1104,220.0,9.6,9.6,9.6,0.0,0.0,-0.0880
IO2501-P-3700                 ,18,22,13.8,791,128.954,1722,149.0,14.4,14.4,14.4,0.0,0.0,-0.1250
IO2501-P-3750                 ,28.2,33.2,20.6,812,202.84,1258,186.0,22.2,22.2,23.2,-1.0,-1.0,-0.1790
IO2501-P-3800                 ,44,47.6,31,1916,707.178,2113,280.0,33.4,33.4,34.2,-0.8,-0.8,-0.2450
IO2501-P-3850                 ,63,67.2,44.8,643,337.928,804,101.0,47.8,47.8,50.4,-2.6,-2.6,-0.3220
IO2501-P-3900                 ,82.6,93.4,64,2037,1523.604,2507,230.0,70,70,71.2,-1.2,-1.2,-0.4110
IO2501-P-3950                 ,117,123.2,87.2,1884,1830.644,2772,727.0,93.4,93.8,97.2,-3.8,-3.4,-0.4980
IO2501-P-4000                 ,146,158.8,117.6,899,1187.04,1550,148.0,124,124,129,-5.0,-5.0,-0.5820
IO2501-P-4050                 ,175,191.4,151.6,195,314.002,607,47.0,158.6,158.6,163.4,-4.8,-4.8,-0.6560
IO2501-P-4100                 ,224.6,237.4,189.2,238,481.936,1184,129.0,197.4,195.4,202.6,-5.2,-7.2,-0.7240
IO2501-P-4150                 ,274.8,274.8,235.2,51,125.956,290,16.0,235.8,235.8,242.6,-6.8,-6.8,-0.7800
IO2501-P-4200                 ,298.2,298.2,272.2,62,175.96,302,-2.0,281.2,279.8,286.6,-5.4,-6.8,-0.8200
IO2501-P-4250                 ,338.8,341,315.8,27,88.016,200,3.0,317.2,324,331,-13.8,-7.0,-0.8570
IO2501-P-4300                 ,389.8,389.8,370,2,7.598,140,1.0,370,370,378,-8.0,-8.0,-0.8850
IO2501-P-4350                 ,431.2,431.2,417.8,2,8.49,93,2.0,417.8,416.8,423.2,-5.4,-6.4,-0.9080
IO2501-P-4400                 ,479.8,479.8,460.8,18,83.99,78,4.0,463,464.2,470.6,-7.6,-6.4,-0.9250
IO2501-P-4450                 ,529.4,529.4,507.6,4,20.638,57,2.0,507.6,512.4,519.2,-11.6,-6.8,-0.9390
IO2501-P-4500                 ,,,,0,0,67,0.0,559.8,561.2,568.2,-8.4,-7.0,-0.9480
IO2501-P-4550                 ,630.2,630.6,630.2,2,12.608,56,0.0,630.6,609.2,619.8,10.8,-10.6,-0.9620
IO2501-P-4600                 ,694,694,662.4,13,88.418,127,-1.0,665.2,659,669.2,-4.0,-10.2,-0.9650
IO2502-C-3450                 ,,,,0,0,13,0.0,561.8,506.4,504.4,57.4,2.0,0.9190
IO2502-C-3500                 ,,,,0,0,11,0.0,465.8,459.8,455,10.8,4.8,0.9020
IO2502-C-3550                 ,,,,0,0,30,0.0,415.6,414.6,409.6,6.0,5.0,0.8790
IO2502-C-3600                 ,359.6,371,359.6,3,10.966,19,0.0,371,371.2,366,5.0,5.2,0.8500
IO2502-C-3650                 ,,,,0,0,11,0.0,322.2,329.8,324.2,-2.0,5.6,0.8140
IO2502-C-3700                 ,292.8,295.8,292.8,5,14.592,15,-1.0,295.8,290.8,285,10.8,5.8,0.7730
IO2502-C-3750                 ,260.2,260.2,260.2,2,5.204,8,0.0,260.2,255.8,252,8.2,3.8,0.7250
IO2502-C-3800                 ,202,213.6,195,9,18.706,43,0.0,213.6,221.8,217,-3.4,4.8,0.6750
IO2502-C-3850                 ,191,192,191,10,18.968,26,0.0,192,192,187.2,4.8,4.8,0.6200
IO2502-C-3900                 ,146.4,157.6,146.4,3,4.576,118,0.0,153.6,165.8,160.6,-7.0,5.2,0.5650
IO2502-C-3950                 ,133,143.4,133,5,6.988,63,2.0,141.4,142.8,138.2,3.2,4.6,0.5100
IO2502-C-4000                 ,108.4,126.8,108.4,31,38.24,142,-18.0,120.8,122.8,118.2,2.6,4.6,0.4580
IO2502-C-4050                 ,95.4,109.6,95.4,3,3.004,59,0.0,109.6,105.6,102.6,7.0,3.0,0.4090
IO2502-C-4100                 ,76.2,94.8,76.2,45,40.598,173,37.0,90.8,90.8,87.8,3.0,3.0,0.3630
IO2502-C-4150                 ,76.8,76.8,76.8,10,7.68,36,-4.0,76.8,77.4,76.4,0.4,1.0,0.3210
IO2502-C-4200                 ,60.2,71.2,60,40,25.642,204,11.0,67,66.8,65.6,1.4,1.2,0.2830
IO2502-C-4250                 ,49.6,56,49.6,27,14.282,113,-1.0,51.2,57,59.2,-8.0,-2.2,0.2480
IO2502-C-4300                 ,43.8,53,42,135,64.5,407,-35.0,48.6,48.6,50.6,-2.0,-2.0,0.2170
IO2502-C-4350                 ,39,45.6,38.2,11,4.38,68,5.0,45.6,43,44.2,1.4,-1.2,0.1940
IO2502-C-4400                 ,34.2,41.6,33.4,152,55.348,560,1.0,37.4,37.4,39.8,-2.4,-2.4,0.1710
IO2502-C-4450                 ,30,36.6,28.6,135,43.93,228,40.0,30.8,32.4,35.2,-4.4,-2.8,0.1500
IO2502-P-3450                 ,12,12,8.2,182,17.856,373,87.0,8.8,8.6,9.6,-0.8,-1.0,-0.0570
IO2502-P-3500                 ,15.6,15.6,11.4,148,21.016,401,-2.0,12.2,12,13,-0.8,-1.0,-0.0760
IO2502-P-3550                 ,21,21.2,16.4,121,22.73,533,21.0,17,16.8,18.2,-1.2,-1.4,-0.1010
IO2502-P-3600                 ,30,30,23,59,14.776,371,19.0,24.2,23.4,24.6,-0.4,-1.2,-0.1330
IO2502-P-3650                 ,36.4,38,31.2,77,25.31,241,37.0,32.8,31.8,32.6,0.2,-0.8,-0.1700
IO2502-P-3700                 ,49.4,49.4,43,50,22.246,232,1.0,43.2,42.6,44,-0.8,-1.4,-0.2140
IO2502-P-3750                 ,59.6,62.8,55.2,9,5.214,174,1.0,56.8,56.8,57,-0.2,-0.2,-0.2640
IO2502-P-3800                 ,87.6,87.6,71.4,26,19.898,130,2.0,71.4,73,73.6,-2.2,-0.6,-0.3160
IO2502-P-3850                 ,104.6,104.6,92,8,7.68,62,2.0,93,93,94.2,-1.2,-1.2,-0.3730
IO2502-P-3900                 ,133,133,114.8,23,27.734,168,2.0,118.8,116.4,117.8,1.0,-1.4,-0.4310
IO2502-P-3950                 ,140.6,144,140.6,10,14.39,71,-1.0,144,143.2,145,-1.0,-1.8,-0.4870
IO2502-P-4000                 ,185.6,185.6,181,2,3.666,78,2.0,181,172.8,175.2,5.8,-2.4,-0.5420
IO2502-P-4050                 ,,,,0,0,26,0.0,206.2,205.2,208,-1.8,-2.8,-0.5940
IO2502-P-4100                 ,256.4,256.4,235,6,14.818,21,0.0,235,240,243.4,-8.4,-3.4,-0.6410
IO2502-P-4150                 ,,,,0,0,24,0.0,279.6,277,282.2,-2.6,-5.2,-0.6850
IO2502-P-4200                 ,338,338,311.6,5,15.98,26,1.0,315.2,315.4,321.6,-6.4,-6.2,-0.7250
IO2502-P-4250                 ,357.8,357.8,357.8,1,3.578,17,1.0,357.8,355.8,362.2,-4.4,-6.4,-0.7610
IO2502-P-4300                 ,397,397,397,1,3.97,21,1.0,397,397.6,404.8,-7.8,-7.2,-0.7920
IO2502-P-4350                 ,443.6,443.6,443.6,3,13.308,9,0.0,443.6,440.8,448.2,-4.6,-7.4,-0.8200
IO2502-P-4400                 ,,,,0,0,14,0.0,489,484.8,493,-4.0,-8.2,-0.8450
IO2502-P-4450                 ,,,,0,0,2,0.0,534.2,531.2,538.6,-4.4,-7.4,-0.8620
IO2503-C-2800                 ,1111.4,1153.4,1111.4,5,56.22,88,-3.0,1153.4,1147,1139.8,13.6,7.2,0.9680
IO2503-C-2900                 ,1040.2,1040.2,1040.2,1,10.402,121,0.0,1040.2,1050.6,1035.4,4.8,15.2,0.9580
IO2503-C-3000                 ,,,,0,0,74,0.0,943,951.2,937,6.0,14.2,0.9540
IO2503-C-3100                 ,816.2,851.6,816.2,9,75.098,116,-3.0,851.6,853.4,846.6,5.0,6.8,0.9460
IO2503-C-3200                 ,745.6,761.6,745.6,2,15.072,305,-1.0,761.6,756.6,749.4,12.2,7.2,0.9330
IO2503-C-3300                 ,623.6,656.4,623.6,10,64.072,694,0.0,656.4,660.2,653,3.4,7.2,0.9180
IO2503-C-3400                 ,533,568.8,530.4,12,65.83,715,-3.0,568.8,567.2,560.4,8.4,6.8,0.8910
IO2503-C-3500                 ,448.8,481,448.8,18,83.334,672,-6.0,481,480.8,474,7.0,6.8,0.8470
IO2503-C-3600                 ,358.2,407.6,358.2,28,109.154,851,8.0,402.2,394.6,392.8,9.4,1.8,0.7990
IO2503-C-3700                 ,302.8,327,302.8,20,63.082,653,17.0,323,322.8,318.4,4.6,4.4,0.7260
IO2503-C-3800                 ,237,266.4,233.2,65,161.536,824,25.0,260,262.4,256.2,3.8,6.2,0.6430
IO2503-C-3900                 ,187.8,217,187.8,84,172.916,2150,43.0,210.6,210.6,202.8,7.8,7.8,0.5580
IO2503-C-4000                 ,135.8,173.2,135,332,539.26,2196,65.0,166,166,160.8,5.2,5.2,0.4760
IO2503-C-4100                 ,103.6,136.8,103.6,354,451.686,2370,30.0,132,132,128.6,3.4,3.4,0.4010
IO2503-C-4200                 ,90.4,105.6,90.4,129,128.55,973,-6.0,103.2,103.4,100.8,2.4,2.6,0.3330
IO2503-C-4300                 ,65.2,85.4,65.2,46,36.96,1409,21.0,84.2,83.8,80.8,3.4,3.0,0.2770
IO2503-C-4400                 ,59,69,59,117,75.212,1029,96.0,66.2,68.4,65,1.2,3.4,0.2320
IO2503-C-4500                 ,46.8,56,46.8,255,134.008,2240,28.0,54.4,53.6,52.2,2.2,1.4,0.1890
IO2503-C-4600                 ,35.2,45,35.2,37,15.828,1433,3.0,42.6,44,42.8,-0.2,1.2,0.1580
IO2503-C-4700                 ,33.2,38.6,31.4,549,198.004,6390,124.0,36.4,36.4,36,0.4,0.4,0.1320
IO2503-P-2800                 ,3.2,3.4,3.2,17,0.542,547,-2.0,3.4,2.8,2.6,0.8,0.2,-0.0130
IO2503-P-2900                 ,3.6,4,3.4,9,0.326,281,-1.0,3.4,3.4,3,0.4,0.4,-0.0160
IO2503-P-3000                 ,4.8,5.2,4.2,21,0.96,388,6.0,4.4,4,4.2,0.2,-0.2,-0.0190
IO2503-P-3100                 ,6.6,6.8,5.6,30,1.914,760,6.0,5.8,5.4,5.6,0.2,-0.2,-0.0270
IO2503-P-3200                 ,9.6,9.6,7.6,149,13.162,530,84.0,8,7.4,7.8,0.2,-0.4,-0.0370
IO2503-P-3300                 ,14.4,14.4,10.8,194,25.06,833,139.0,11.2,11.2,11.8,-0.6,-0.6,-0.0550
IO2503-P-3400                 ,21.2,21.2,17.6,211,39.816,783,48.0,18.4,17.8,17.8,0.6,0.0,-0.0840
IO2503-P-3500                 ,35,35,28.6,98,30.382,711,-14.0,28.8,29.2,29.6,-0.8,-0.4,-0.1280
IO2503-P-3600                 ,56.2,56.2,46.6,66,32.604,2022,13.0,47.2,47.2,47.2,0.0,0.0,-0.1880
IO2503-P-3700                 ,85,85,72.2,35,27.444,635,3.0,72.8,73.2,73.4,-0.6,-0.2,-0.2620
IO2503-P-3800                 ,109,124.6,104.6,78,85.734,719,23.0,110,108.8,109.8,0.2,-1.0,-0.3470
IO2503-P-3900                 ,172.8,174,153.6,22,35.012,923,16.0,153.6,155.6,158.2,-4.6,-2.6,-0.4360
IO2503-P-4000                 ,232.8,236.2,208,56,121.654,758,-8.0,214.6,212.2,213.4,1.2,-1.2,-0.5230
IO2503-P-4100                 ,300.4,304.4,272.8,87,245.14,551,-1.0,275.6,278.8,279.4,-3.8,-0.6,-0.6010
IO2503-P-4200                 ,358.8,367.6,344.8,18,63.696,545,2.0,351.8,349.2,352.2,-0.4,-3.0,-0.6730
IO2503-P-4300                 ,442.6,442.6,442.6,2,8.852,140,-2.0,442.6,427.2,431,11.6,-3.8,-0.7340
IO2503-P-4400                 ,520.8,531,520.8,2,10.518,70,1.0,531,511,515,16.0,-4.0,-0.7830
IO2503-P-4500                 ,596.2,598.4,596.2,4,23.914,79,3.0,598.4,599.8,603.2,-4.8,-3.4,-0.8200
IO2503-P-4600                 ,718.8,718.8,718.8,1,7.188,45,0.0,718.8,686,692,26.8,-6.0,-0.8620
IO2503-P-4700                 ,792,799.6,774.4,12,93.626,67,9.0,775.6,777,784,-8.4,-7.0,-0.8910
IO2506-C-2800                 ,1133.2,1133.2,1133.2,1,11.332,132,0.0,1133.2,1129.6,1122.6,10.6,7.0,0.9410
IO2506-C-2900                 ,1032.2,1037.4,1032.2,2,20.696,116,0.0,1037.4,1035.4,1029,8.4,6.4,0.9280
IO2506-C-3000                 ,938.2,942.6,938.2,11,103.192,209,2.0,940,939.6,933.2,6.8,6.4,0.9170
IO2506-C-3100                 ,830,849,830,7,58.716,183,3.0,849,845.6,839,10.0,6.6,0.9020
IO2506-C-3200                 ,752.2,752.2,751.8,4,30.076,523,1.0,751.8,753.6,746.6,5.2,7.0,0.8820
IO2506-C-3300                 ,651.6,669,651.6,8,53.158,611,-2.0,664,667.2,663.6,0.4,3.6,0.8510
IO2506-C-3400                 ,563,578.8,563,18,103.006,510,1.0,568,585,578.6,-10.6,6.4,0.8140
IO2506-C-3500                 ,485,516.6,485,36,179.724,352,8.0,511,512.6,506.8,4.2,5.8,0.7650
IO2506-C-3600                 ,417,440.6,417,18,77.812,339,-1.0,440.6,436.4,435,5.6,1.4,0.7180
IO2506-C-3700                 ,,,,0,0,153,0.0,364.2,376.6,371.2,-7.0,5.4,0.6600
IO2506-C-3800                 ,309,324.2,308.2,10,31.366,271,-3.0,324.2,321.4,316.2,8.0,5.2,0.6010
IO2506-C-3900                 ,274.6,276,272.8,9,24.564,414,-1.0,272.8,272.4,268,4.8,4.4,0.5410
IO2506-C-4000                 ,220.4,237.2,220.2,126,285.754,920,68.0,234.2,235,230.4,3.8,4.6,0.4840
IO2506-C-4100                 ,192.4,200.2,192.4,29,56.428,475,12.0,200.2,201.4,197.4,2.8,4.0,0.4310
IO2506-C-4200                 ,167.6,173.6,167.6,3,5.148,564,1.0,173.6,173.2,167.4,6.2,5.8,0.3830
IO2506-C-4300                 ,133.6,153.4,133.4,20,29.28,885,0.0,152.2,152.2,147.2,5.0,5.0,0.3420
IO2506-C-4400                 ,123,132.8,122.4,140,181.904,246,78.0,131,131,126.6,4.4,4.4,0.3020
IO2506-C-4500                 ,104.4,115.6,104.4,59,64.99,406,2.0,113.4,113.4,111,2.4,2.4,0.2680
IO2506-C-4600                 ,93.8,101,93,75,73.71,304,3.0,99.8,100,97.2,2.6,2.8,0.2390
IO2506-C-4700                 ,80.2,89.6,80.2,82,68.112,1978,1.0,88.8,88.8,83.2,5.6,5.6,0.2140
IO2506-P-2800                 ,8,8,7.8,7,0.558,331,1.0,8,8,7.8,0.2,0.2,-0.0270
IO2506-P-2900                 ,11.2,11.2,10,20,2.084,151,-4.0,10.4,10.4,10.4,0.0,0.0,-0.0360
IO2506-P-3000                 ,15.4,15.4,15.4,2,0.298,431,0.0,15.4,14.6,14.4,1.0,0.2,-0.0490
IO2506-P-3100                 ,20,20,20,3,0.6,160,0.0,20,20,20.2,-0.2,-0.2,-0.0660
IO2506-P-3200                 ,30.8,30.8,27.8,26,7.56,379,-13.0,28.6,28.2,28.2,0.4,0.0,-0.0900
IO2506-P-3300                 ,41.8,41.8,38.6,11,4.454,449,-4.0,40.6,40.4,40,0.6,0.4,-0.1220
IO2506-P-3400                 ,59.6,59.6,55,89,50.67,789,58.0,57.2,57.2,55.8,1.4,1.4,-0.1620
IO2506-P-3500                 ,83.6,83.6,78.4,29,23.358,1104,10.0,78.6,77.6,78.8,-0.2,-1.2,-0.2080
IO2506-P-3600                 ,112,112,103.6,68,72.684,784,-6.0,106.2,105,106.4,-0.2,-1.4,-0.2630
IO2506-P-3700                 ,147,147.4,147,2,2.944,254,0.0,147.4,142,144,3.4,-2.0,-0.3240
IO2506-P-3800                 ,191.6,191.6,181,70,129.042,285,51.0,181,186.6,187.8,-6.8,-1.2,-0.3880
IO2506-P-3900                 ,244.2,246.4,231.4,134,315.58,415,130.0,235.4,238.2,238.8,-3.4,-0.6,-0.4510
IO2506-P-4000                 ,302.8,308.8,292,27,81.082,452,-7.0,298.2,297.2,299.4,-1.2,-2.2,-0.5120
IO2506-P-4100                 ,376.6,379.4,376.6,6,22.68,125,6.0,379.4,363.4,365.4,14.0,-2.0,-0.5680
IO2506-P-4200                 ,448,448,434.4,3,13.168,275,2.0,434.4,433.8,435.2,-0.8,-1.4,-0.6190
IO2506-P-4300                 ,512.4,512.4,511,5,25.594,123,5.0,511.2,509.8,510.8,0.4,-1.0,-0.6650
IO2506-P-4400                 ,580,591.6,580,13,76.566,59,11.0,591,588.6,584,7.0,4.6,-0.7060
IO2506-P-4500                 ,704.4,704.4,704.4,4,27.584,38,-2.0,704.4,671,674.8,29.6,-3.8,-0.7420
IO2506-P-4600                 ,,,,0,0,23,0.0,753.6,756.4,759.4,-5.8,-3.0,-0.7730
IO2506-P-4700                 ,,,,0,0,66,0.0,870.4,843.6,846.2,24.2,-2.6,-0.8000
IO2509-C-2800                 ,1111,1111,1111,1,11.11,74,0.0,1111,1124.4,1116.8,-5.8,7.6,0.9050
IO2509-C-2900                 ,,,,0,0,49,0.0,1038.4,1032.6,1024.8,13.6,7.8,0.8900
IO2509-C-3000                 ,918,947.6,918,3,27.894,56,3.0,947.6,947.6,934.8,12.8,12.8,0.8680
IO2509-C-3100                 ,,,,0,0,47,0.0,859.2,854.4,846.8,12.4,7.6,0.8520
IO2509-C-3200                 ,,,,0,0,55,0.0,763,771.4,763.6,-0.6,7.8,0.8250
IO2509-C-3300                 ,,,,0,0,52,0.0,683.6,691,682.8,0.8,8.2,0.7940
IO2509-C-3400                 ,598.8,605.4,598.8,4,24.178,64,0.0,605.4,615.8,606.8,-1.4,9.0,0.7580
IO2509-C-3500                 ,539.6,539.6,539.6,1,5.396,90,0.0,539.6,546.2,541.4,-1.8,4.8,0.7180
IO2509-C-3600                 ,,,,0,0,93,0.0,473.8,483,476.4,-2.6,6.6,0.6740
IO2509-C-3700                 ,,,,0,0,91,0.0,431,425.2,419,12.0,6.2,0.6280
IO2509-C-3800                 ,339.6,375.6,339.6,11,38.802,127,-4.0,375.6,373.6,369,6.6,4.6,0.5810
IO2509-C-3900                 ,320,332.8,318,81,266.386,347,0.0,327,327,325.4,1.6,1.6,0.5340
IO2509-C-4000                 ,278,292.6,277.6,123,354.478,724,93.0,286.2,290.4,286,0.2,4.4,0.4890
IO2509-C-4100                 ,237,261.4,237,16,40.516,463,4.0,258.2,258.2,255,3.2,3.2,0.4470
IO2509-C-4200                 ,220.8,230.2,220.8,5,11.312,372,-2.0,230.2,230.2,225,5.2,5.2,0.4080
IO2509-C-4300                 ,202,206.8,200,4,8.116,292,0.0,202.8,204.4,201.2,1.6,3.2,0.3720
IO2509-C-4400                 ,170.4,181.6,170.4,8,14.194,166,3.0,181,183.2,180,1.0,3.2,0.3390
IO2509-C-4500                 ,154.6,167.8,154.6,12,19.594,837,1.0,161.4,165.8,163.2,-1.8,2.6,0.3110
IO2509-C-4600                 ,140.6,147,140.6,9,13.114,170,1.0,146.4,149.4,145.6,0.8,3.8,0.2840
IO2509-C-4700                 ,116.6,134.4,116.4,84,109.638,1115,-16.0,132.4,133.8,129.4,3.0,4.4,0.2590
IO2509-P-2800                 ,21,21.2,19.8,16,3.242,241,11.0,20.4,20.4,19.2,1.2,1.2,-0.0520
IO2509-P-2900                 ,27,27,27,2,0.54,145,0.0,27,26.8,25,2.0,1.8,-0.0670
IO2509-P-3000                 ,36.6,36.6,35.4,4,1.416,118,-2.0,35.4,35,33,2.4,2.0,-0.0860
IO2509-P-3100                 ,49,49,49,1,0.49,139,0.0,49,45.6,44,5.0,1.6,-0.1090
IO2509-P-3200                 ,61.6,63,58.6,29,17.088,222,5.0,58.8,59.2,57.2,1.6,2.0,-0.1370
IO2509-P-3300                 ,81.4,81.4,76.2,13,10.272,334,-4.0,77.2,77.2,78.2,-1.0,-1.0,-0.1710
IO2509-P-3400                 ,105,106.4,98.8,15,15.416,476,0.0,98.8,99.8,99.2,-0.4,0.6,-0.2100
IO2509-P-3500                 ,135,135,126.6,9,11.622,375,-1.0,127,127,127.6,-0.6,-0.6,-0.2540
IO2509-P-3600                 ,167.8,167.8,160.2,12,19.46,616,-6.0,160.4,161.6,162.4,-2.0,-0.8,-0.3020
IO2509-P-3700                 ,208.6,208.6,201.2,4,8.122,267,3.0,201.2,202,203,-1.8,-1.0,-0.3530
IO2509-P-3800                 ,258.6,259.2,258.6,2,5.178,166,0.0,259.2,249.2,253,6.2,-3.8,-0.4050
IO2509-P-3900                 ,,,,0,0,277,0.0,302.8,303.2,305.8,-3.0,-2.6,-0.4560
IO2509-P-4000                 ,372,372,358.6,16,57.872,189,12.0,362.2,364,366.2,-4.0,-2.2,-0.5050
IO2509-P-4100                 ,436.6,436.6,436.6,3,13.098,158,-3.0,436.6,428.4,431.2,5.4,-2.8,-0.5520
IO2509-P-4200                 ,508.8,508.8,508.8,1,5.088,196,0.0,508.8,497,505,3.8,-8.0,-0.5950
IO2509-P-4300                 ,568.2,569.4,568.2,2,11.376,178,0.0,569.4,573.4,576.2,-6.8,-2.8,-0.6330
IO2509-P-4400                 ,,,,0,0,85,0.0,657.2,649.8,653,4.2,-3.2,-0.6690
IO2509-P-4500                 ,722.4,722.4,722.4,1,7.224,62,-1.0,722.4,729.4,732.8,-10.4,-3.4,-0.7020
IO2509-P-4600                 ,825.6,825.6,818.6,3,24.586,26,0.0,818.6,811.2,814.4,4.2,-3.2,-0.7320
IO2509-P-4700                 ,905,905,885,13,116.864,117,11.0,892,886,885.8,6.2,0.2,-0.7690
小计,,,,126738,50368.936,244843.0,2130.0,,,,,,
MO2412-C-3800                 ,2348.8,2426,2348.8,5,119.66,66,-1.0,2426,2407.4,2394.6,31.4,12.8,0.9980
MO2412-C-3900                 ,2282.2,2286.8,2278.8,6,137.19,49,-1.0,2278.8,2307.4,2294.6,-15.8,12.8,0.9990
MO2412-C-4000                 ,,,,0,0,40,0.0,2301,2207.4,2194.6,106.4,12.8,0.9990
MO2412-C-4050                 ,,,,0,0,21,0.0,2187.8,2157.2,2144.6,43.2,12.6,0.9990
MO2412-C-4100                 ,,,,0,0,101,0.0,2084.4,2107.2,2094.6,-10.2,12.6,0.9990
MO2412-C-4150                 ,,,,0,0,26,0.0,2204.8,2057.2,2044.6,160.2,12.6,0.9990
MO2412-C-4200                 ,,,,0,0,80,0.0,2080,2007.2,1994.6,85.4,12.6,0.9990
MO2412-C-4250                 ,,,,0,0,30,0.0,1961,1957.2,1944.4,16.6,12.8,0.9990
MO2412-C-4300                 ,1890.2,1890.2,1890.2,2,37.804,111,0.0,1890.2,1907.2,1894.4,-4.2,12.8,0.9990
MO2412-C-4350                 ,,,,0,0,26,0.0,1903,1857.2,1844.4,58.6,12.8,0.9990
MO2412-C-4400                 ,1760.8,1825.6,1715.2,37,661.838,200,-28.0,1825.6,1807.2,1794.4,31.2,12.8,0.9990
MO2412-C-4450                 ,1698.6,1698.6,1698.6,1,16.986,45,1.0,1698.6,1757.2,1744.4,-45.8,12.8,0.9990
MO2412-C-4500                 ,1652,1702,1618,11,181.624,156,-10.0,1702,1707.2,1694.4,7.6,12.8,0.9990
MO2412-C-4550                 ,,,,0,0,40,0.0,1850,1657.2,1644.4,205.6,12.8,0.9990
MO2412-C-4600                 ,1562,1622,1562,8,125.56,380,-1.0,1622,1607.2,1594.4,27.6,12.8,0.9990
MO2412-C-4650                 ,,,,0,0,56,0.0,1543.4,1557.2,1544.4,-1.0,12.8,0.9990
MO2412-C-4700                 ,1423.6,1486.8,1423.4,3,43.338,325,-1.0,1486.8,1507.2,1494.4,-7.6,12.8,0.9990
MO2412-C-4750                 ,,,,0,0,80,0.0,1487.8,1463.6,1444.4,43.4,19.2,0.9800
MO2412-C-4800                 ,1366.2,1366.2,1366.2,1,13.662,456,0.0,1366.2,1413.8,1394.4,-28.2,19.4,0.9790
MO2412-C-4850                 ,,,,0,0,45,0.0,1345,1357.2,1344.4,0.6,12.8,0.9990
MO2412-C-4900                 ,,,,0,0,370,0.0,1270.4,1307.2,1294.4,-24.0,12.8,0.9990
MO2412-C-4950                 ,1197.4,1197.4,1197.4,2,24.418,71,-1.0,1197.4,1257.2,1244.4,-47.0,12.8,0.9990
MO2412-C-5000                 ,1136,1216.2,1106,17,200.678,659,-7.0,1207.6,1207.2,1194.4,13.2,12.8,0.9990
MO2412-C-5100                 ,1053.8,1110.6,1014,9,97.13,74,0.0,1110.6,1107.2,1094.4,16.2,12.8,0.9990
MO2412-C-5200                 ,981.8,1029.4,981.4,76,763.552,631,-22.0,1011,1007.2,994.4,16.6,12.8,0.9990
MO2412-C-5300                 ,819.8,892.6,819.8,7,59.65,69,-4.0,892.6,914.6,894.6,-2.0,20.0,0.9660
MO2412-C-5400                 ,768.8,822.8,703.2,110,810.828,866,-32.0,814,807.2,794.6,19.4,12.6,0.9990
MO2412-C-5500                 ,647,705.6,615,25,164.428,143,-8.0,705.6,707.2,694.8,10.8,12.4,0.9980
MO2412-C-5600                 ,531.2,621,505,222,1221.74,1284,-25.0,614.6,607.4,595,19.6,12.4,0.9960
MO2412-C-5700                 ,436,521.4,410,53,245.456,347,-8.0,520.2,507.8,495.6,24.6,12.2,0.9910
MO2412-C-5800                 ,337.4,412,304,234,818.482,1490,-35.0,412,408.8,397.2,14.8,11.6,0.9790
MO2412-C-5900                 ,246.2,329.4,204.4,495,1263.75,798,-12.0,317.4,311.4,301.4,16.0,10.0,0.9480
MO2412-C-6000                 ,149.2,231.2,118,4011,6683.368,2200,-52.0,217.2,218.6,195.2,22.0,23.4,0.8760
MO2412-C-6100                 ,83,136.4,50,21041,17883.702,2367,-65.0,121,121,110,11.0,11.0,0.8060
MO2412-C-6200                 ,31,55.6,15,41475,13190.354,5629,-250.0,44,44,44.4,-0.4,-0.4,0.5320
MO2412-C-6300                 ,8,12.8,3.2,19331,1417.87,7646,-334.0,8.8,8.8,11.4,-2.6,-2.6,0.1720
MO2412-C-6400                 ,1,2.4,.8,5194,73.77,7126,-736.0,1.2,1.2,2.2,-1.0,-1.0,0.0310
MO2412-C-6500                 ,.4,.8,.2,2456,10.478,5784,-1185.0,.4,.4,.6,-0.2,-0.2,0.0100
MO2412-C-6600                 ,.4,.8,.2,1777,6.568,8805,-1086.0,.2,.2,.6,-0.4,-0.4,0.0040
MO2412-C-6700                 ,.4,.4,.2,523,1.288,3820,-267.0,.2,.2,.4,-0.2,-0.2,0.0040
MO2412-C-6800                 ,.2,.4,.2,249,0.686,3263,-139.0,.2,.2,.4,-0.2,-0.2,0.0030
MO2412-C-6900                 ,.4,.4,.2,771,1.672,8225,-625.0,.2,.2,.4,-0.2,-0.2,0.0030
MO2412-C-7000                 ,.2,.4,.2,381,0.824,4060,-234.0,.2,.2,.4,-0.2,-0.2,0.0030
MO2412-C-7100                 ,.2,.2,.2,209,0.424,2916,-7.0,.2,.2,.4,-0.2,-0.2,0.0020
MO2412-C-7200                 ,.2,.2,.2,42,0.084,1293,-28.0,.2,.2,.2,0.0,0.0,0.0020
MO2412-C-7300                 ,.2,.2,.2,325,0.65,3318,-186.0,.2,.2,.2,0.0,0.0,0.0020
MO2412-P-3800                 ,.2,.2,.2,25,0.05,680,-8.0,.2,.2,.2,0.0,0.0,-0.0010
MO2412-P-3900                 ,.2,.2,.2,21,0.042,258,-3.0,.2,.2,.2,0.0,0.0,-0.0010
MO2412-P-4000                 ,.2,.2,.2,33,0.066,339,-7.0,.2,.2,.2,0.0,0.0,-0.0010
MO2412-P-4050                 ,.2,.2,.2,28,0.056,145,4.0,.2,.2,.2,0.0,0.0,-0.0010
MO2412-P-4100                 ,.2,.2,.2,27,0.054,452,2.0,.2,.2,.2,0.0,0.0,-0.0010
MO2412-P-4150                 ,.2,.2,.2,26,0.052,122,3.0,.2,.2,.2,0.0,0.0,-0.0010
MO2412-P-4200                 ,.2,.2,.2,34,0.068,581,-17.0,.2,.2,.2,0.0,0.0,-0.0010
MO2412-P-4250                 ,.2,.2,.2,28,0.056,197,-9.0,.2,.2,.2,0.0,0.0,-0.0010
MO2412-P-4300                 ,.2,.2,.2,38,0.076,540,-6.0,.2,.2,.2,0.0,0.0,-0.0010
MO2412-P-4350                 ,.2,.2,.2,23,0.046,163,2.0,.2,.2,.2,0.0,0.0,-0.0010
MO2412-P-4400                 ,.2,.2,.2,27,0.054,585,-5.0,.2,.2,.2,0.0,0.0,-0.0010
MO2412-P-4450                 ,.2,.2,.2,23,0.046,285,7.0,.2,.2,.2,0.0,0.0,-0.0010
MO2412-P-4500                 ,.2,.2,.2,20,0.04,517,6.0,.2,.2,.2,0.0,0.0,-0.0010
MO2412-P-4550                 ,.2,.2,.2,29,0.058,190,8.0,.2,.2,.2,0.0,0.0,-0.0010
MO2412-P-4600                 ,.2,.2,.2,29,0.058,446,3.0,.2,.2,.2,0.0,0.0,-0.0010
MO2412-P-4650                 ,.2,.2,.2,23,0.046,254,7.0,.2,.2,.2,0.0,0.0,-0.0010
MO2412-P-4700                 ,.2,.2,.2,20,0.04,566,3.0,.2,.2,.2,0.0,0.0,-0.0010
MO2412-P-4750                 ,.2,.2,.2,31,0.062,228,-2.0,.2,.2,.2,0.0,0.0,-0.0010
MO2412-P-4800                 ,.2,.2,.2,23,0.046,1058,3.0,.2,.2,.2,0.0,0.0,-0.0010
MO2412-P-4850                 ,.2,.2,.2,44,0.088,323,-15.0,.2,.2,.2,0.0,0.0,-0.0010
MO2412-P-4900                 ,.2,.2,.2,31,0.062,545,-15.0,.2,.2,.2,0.0,0.0,-0.0010
MO2412-P-4950                 ,.2,.2,.2,219,0.438,743,1.0,.2,.2,.2,0.0,0.0,-0.0010
MO2412-P-5000                 ,.4,.4,.2,136,0.3,1826,-78.0,.2,.2,.2,0.0,0.0,-0.0020
MO2412-P-5100                 ,.4,.4,.2,180,0.38,983,19.0,.2,.2,.2,0.0,0.0,-0.0020
MO2412-P-5200                 ,.2,.2,.2,178,0.376,1833,-39.0,.2,.2,.4,-0.2,-0.2,-0.0020
MO2412-P-5300                 ,.4,.4,.2,154,0.328,2406,-32.0,.2,.2,.4,-0.2,-0.2,-0.0020
MO2412-P-5400                 ,.8,.8,.2,201,0.49,2104,-5.0,.2,.2,.4,-0.2,-0.2,-0.0020
MO2412-P-5500                 ,.4,.4,.2,284,0.73,2094,-136.0,.2,.2,.4,-0.2,-0.2,-0.0020
MO2412-P-5600                 ,.6,.6,.2,361,1.404,2902,2.0,.2,.2,.6,-0.4,-0.4,-0.0030
MO2412-P-5700                 ,.8,1,.2,524,2.514,2227,-28.0,.4,.2,.8,-0.4,-0.6,0.0000
MO2412-P-5800                 ,2,2.2,.2,1817,13.96,4320,-440.0,.2,.4,1,-0.8,-0.6,-0.0010
MO2412-P-5900                 ,5,8.4,.4,3788,95.538,3531,154.0,.6,.6,2.4,-1.8,-1.8,-0.0120
MO2412-P-6000                 ,12.6,16.8,1.2,13713,1232.77,5632,125.0,1.2,1.2,6.6,-5.4,-5.4,-0.0280
MO2412-P-6100                 ,39.8,49.8,5,34594,8961.722,5414,705.0,5.4,5.4,20,-14.6,-14.6,-0.1190
MO2412-P-6200                 ,90,114.8,25.6,26947,16587.442,3867,-208.0,28.4,28.4,55.4,-27.0,-27.0,-0.4620
MO2412-P-6300                 ,168.2,204,83,8749,11687.866,2973,-449.0,92.8,92.8,121,-28.2,-28.2,-0.9990
MO2412-P-6400                 ,282.6,299.4,173.2,2490,5902.636,1337,-359.0,186.8,203.8,218.6,-31.8,-14.8,-0.8670
MO2412-P-6500                 ,366.4,398.6,271.2,450,1452.974,1463,-164.0,286.6,296.2,310,-23.4,-13.8,-0.9510
MO2412-P-6600                 ,470,498.2,376,267,1153.236,899,-64.0,382.4,393.6,406.8,-24.4,-13.2,-0.9840
MO2412-P-6700                 ,536,597.8,473.8,131,705.16,445,-14.0,493.4,493,510,-16.6,-17.0,-0.9950
MO2412-P-6800                 ,649.6,692.6,577.8,41,258.224,241,-8.0,577.8,592.8,605.4,-27.6,-12.6,-0.9980
MO2412-P-6900                 ,758,799,682,77,552.846,254,-41.0,689,692.8,705.4,-16.4,-12.6,-0.9990
MO2412-P-7000                 ,848.8,892.8,779,7,59.748,91,-2.0,779,792.6,810,-31.0,-17.4,-0.9990
MO2412-P-7100                 ,984.4,984.4,982,2,19.664,25,-2.0,982,892.6,905.2,76.8,-12.6,-1.0000
MO2412-P-7200                 ,1051.4,1081.6,1004,5,52.152,18,-1.0,1004,992.6,1005.2,-1.2,-12.6,-1.0000
MO2412-P-7300                 ,1154,1193.2,1117.8,13,148.126,34,-3.0,1126.6,1092.6,1109.8,16.8,-17.2,-1.0000
MO2501-C-5100                 ,984.4,1073.8,974.4,16,164.95,30,-1.0,1073.8,1081,1053.2,20.6,27.8,0.9530
MO2501-C-5200                 ,915,968.2,882,14,131.774,64,-2.0,954.8,984.4,957.2,-2.4,27.2,0.9420
MO2501-C-5300                 ,850.2,869.2,849.2,7,59.888,50,0.0,869.2,887.8,860.4,8.8,27.4,0.9300
MO2501-C-5400                 ,748,786.2,747.6,35,266.28,70,-3.0,779.2,793.2,766,13.2,27.2,0.9120
MO2501-C-5500                 ,636,696,603,70,450.158,113,25.0,686.2,700.4,673.4,12.8,27.0,0.8900
MO2501-C-5600                 ,565,614,515,175,1027.794,166,-6.0,597.4,617.4,586,11.4,31.4,0.8480
MO2501-C-5700                 ,480,535.4,427,88,429.984,206,1.0,515.6,525.8,504.8,10.8,21.0,0.8180
MO2501-C-5800                 ,390.8,453.6,350.2,248,962.17,301,84.0,442.4,445.6,416,26.4,29.6,0.7670
MO2501-C-5900                 ,320.6,376.6,283.2,468,1548.628,448,127.0,366.8,366.8,344,22.8,22.8,0.7120
MO2501-C-6000                 ,250,306.6,226.8,1043,2808.42,1022,124.0,299.8,299.8,280,19.8,19.8,0.6430
MO2501-C-6100                 ,184.8,244,174.4,2843,5924.776,1381,263.0,239,239,219.2,19.8,19.8,0.5690
MO2501-C-6200                 ,165,189.6,134.6,5222,8490.44,1914,275.0,185.4,185.4,171.4,14.0,14.0,0.4910
MO2501-C-6300                 ,120,144.2,101.8,6030,7452.44,2967,509.0,140.8,140.8,130.6,10.2,10.2,0.4120
MO2501-C-6400                 ,81.4,107,75,3335,3080.054,3020,292.0,104.4,104.4,97,7.4,7.4,0.3360
MO2501-C-6500                 ,60,78.4,53,2797,1833.056,3451,352.0,74.8,74.8,70.6,4.2,4.2,0.2650
MO2501-C-6600                 ,45,57.8,40.8,5678,2818.282,5823,515.0,55.2,55.2,53.2,2.0,2.0,0.2080
MO2501-C-6700                 ,30,40.6,29,1987,689.876,2844,622.0,38,38,37.2,0.8,0.8,0.1550
MO2501-C-6800                 ,20,30.4,20,2248,586.638,2354,333.0,29.6,29.6,28,1.6,1.6,0.1230
MO2501-C-6900                 ,18,22.8,16.6,1070,213.854,2028,313.0,20.6,20.6,21.4,-0.8,-0.8,0.0910
MO2501-C-7000                 ,12,20.2,12,1320,204.618,2347,122.0,15,15,16,-1.0,-1.0,0.0690
MO2501-C-7100                 ,10,13.6,9.8,922,109.276,1727,51.0,11.8,11.8,11.4,0.4,0.4,0.0550
MO2501-C-7200                 ,9,11.8,8.6,645,65.422,2176,120.0,9.8,9.8,10,-0.2,-0.2,0.0450
MO2501-C-7300                 ,9.6,11.4,8.6,2051,201.252,6053,569.0,9.8,9.8,9.6,0.2,0.2,0.0420
MO2501-P-5100                 ,5,5.8,4.2,439,21.588,1720,48.0,4.6,4.4,4.2,0.4,0.2,-0.0200
MO2501-P-5200                 ,7,9.6,7,391,30.642,929,77.0,7,7,7,0.0,0.0,-0.0300
MO2501-P-5300                 ,12.8,15,10.8,784,95.152,1136,174.0,11,11,10.6,0.4,0.4,-0.0450
MO2501-P-5400                 ,19,22.2,16,882,162.108,1258,-55.0,16.2,16.4,16.2,0.0,0.2,-0.0650
MO2501-P-5500                 ,27,32.4,22,1446,384.81,1691,204.0,22.8,22.8,21.8,1.0,1.0,-0.0880
MO2501-P-5600                 ,39,47.6,32.4,2552,1018.922,1627,231.0,34,34,35,-1.0,-1.0,-0.1230
MO2501-P-5700                 ,54.8,66.8,45,2236,1254.318,1987,232.0,47.4,47.4,49.8,-2.4,-2.4,-0.1650
MO2501-P-5800                 ,80.2,91.8,62.2,3205,2481.548,2079,267.0,65,65,70,-5.0,-5.0,-0.2150
MO2501-P-5900                 ,116,125,84.8,2785,2965.47,1804,391.0,89.2,89.2,96,-6.8,-6.8,-0.2770
MO2501-P-6000                 ,150,166.6,114,4753,6704.918,2653,202.0,119.6,119.6,129.8,-10.2,-10.2,-0.3480
MO2501-P-6100                 ,190,217,150.6,5174,9514.772,2309,426.0,158,158,172.2,-14.2,-14.2,-0.4270
MO2501-P-6200                 ,252.2,276.6,195,3457,8001.456,2090,-56.0,202.8,202.8,219,-16.2,-16.2,-0.5110
MO2501-P-6300                 ,322.2,340.4,249.2,1989,5782.094,1096,-60.0,258,258,278.6,-20.6,-20.6,-0.5960
MO2501-P-6400                 ,395,414.4,312.2,575,2069.324,1028,80.0,324.6,320,347,-22.4,-27.0,-0.6800
MO2501-P-6500                 ,461.2,494.8,383,160,696.238,601,32.0,396.6,396.6,422,-25.4,-25.4,-0.7480
MO2501-P-6600                 ,520,580.8,470,198,1063.052,545,37.0,483,472.6,498,-15.0,-25.4,-0.8180
MO2501-P-6700                 ,612,667.2,555.8,63,383.986,216,27.0,567.4,558,584.4,-17.0,-26.4,-0.8700
MO2501-P-6800                 ,695.8,759.6,645.4,72,498.126,131,21.0,648,648,674.8,-26.8,-26.8,-0.9090
MO2501-P-6900                 ,800,852.2,745,56,437.836,123,21.0,745,745,766.8,-21.8,-21.8,-0.9260
MO2501-P-7000                 ,944.8,944.8,843.6,17,149.12,81,6.0,843.6,834,861.6,-18.0,-27.6,-0.9730
MO2501-P-7100                 ,1048.8,1048.8,937.8,15,147.78,79,-1.0,957.8,930.2,956.4,1.4,-26.2,-0.9970
MO2501-P-7200                 ,1131,1131.6,1035.6,21,229.056,74,6.0,1049.4,1039.6,1055.8,-6.4,-16.2,-0.9540
MO2501-P-7300                 ,1205,1247,1144.2,23,274.272,168,8.0,1149.2,1137.4,1154.2,-5.0,-16.8,-0.9630
MO2502-C-5300                 ,805.4,805.4,805.4,2,16.634,9,0.0,805.4,876.4,858,-52.6,18.4,0.8690
MO2502-C-5400                 ,743.8,794,743.8,5,38.202,43,2.0,794,788.8,770.4,23.6,18.4,0.8440
MO2502-C-5500                 ,638.4,638.4,616.8,2,12.552,10,2.0,616.8,704.2,685.2,-68.4,19.0,0.8140
MO2502-C-5600                 ,,,,0,0,13,0.0,581,623.4,604.2,-23.2,19.2,0.7780
MO2502-C-5700                 ,510.2,541.2,475.8,10,52.432,26,0.0,540.6,546.8,528.4,12.2,18.4,0.7380
MO2502-C-5800                 ,426.6,470,426.6,7,32.17,38,3.0,470,475.8,459.4,10.6,16.4,0.6920
MO2502-C-5900                 ,358.4,415.8,357,32,125.408,57,-1.0,415.8,409.6,394.6,21.2,15.0,0.6430
MO2502-C-6000                 ,303.6,354.8,289.8,29,92.354,100,0.0,354.8,349,335.8,19.0,13.2,0.5900
MO2502-C-6100                 ,274.8,303,243.4,79,211.932,67,13.0,289.6,294.4,282.8,6.8,11.6,0.5340
MO2502-C-6200                 ,205.6,255.2,202.4,111,255.222,177,16.0,243.4,244.6,235,8.4,9.6,0.4780
MO2502-C-6300                 ,178.2,207,171.2,60,114.744,123,9.0,197,204.4,196.2,0.8,8.2,0.4230
MO2502-C-6400                 ,144.2,176.6,141,60,94.628,105,9.0,165.6,165.6,160,5.6,5.6,0.3680
MO2502-C-6500                 ,119.2,139.8,115,50,62.298,109,7.0,136.6,136.4,131,5.6,5.4,0.3190
MO2502-C-6600                 ,94,118.8,91.8,287,294.316,273,-29.0,109.8,110,110.6,-0.8,-0.6,0.2720
MO2502-C-6700                 ,78.6,90.6,74.6,56,47.822,66,-2.0,88.4,88.4,88,0.4,0.4,0.2300
MO2502-C-6800                 ,63.2,76.6,62,46,32.572,208,4.0,72,72,72.6,-0.6,-0.6,0.1950
MO2502-C-6900                 ,54.4,62,48.6,79,44.442,149,1.0,58.4,58.2,59.4,-1.0,-1.2,0.1640
MO2502-C-7000                 ,44,51.6,38.6,258,114.304,441,44.0,47.2,47.2,48.6,-1.4,-1.4,0.1370
MO2502-C-7100                 ,36.4,39.8,31.2,89,32.994,148,2.0,37,37.2,39.4,-2.4,-2.2,0.1130
MO2502-C-7200                 ,30.8,33.8,26.2,237,71.184,439,37.0,31.4,31.4,32.4,-1.0,-1.0,0.0960
MO2502-P-5300                 ,46.6,47.2,38.6,238,98.442,289,29.0,38.8,38.8,39.6,-0.8,-0.8,-0.1040
MO2502-P-5400                 ,53.8,60.6,48.8,62,32.984,97,2.0,50.8,50.8,50.8,0.0,0.0,-0.1320
MO2502-P-5500                 ,75.8,80,63.8,99,70.346,254,2.0,66.4,66.4,67.4,-1.0,-1.0,-0.1650
MO2502-P-5600                 ,99.2,102.6,85.4,111,102.66,116,18.0,86,83.8,85.6,0.4,-1.8,-0.2010
MO2502-P-5700                 ,127,132,106,114,136.202,386,-7.0,107,107,107.6,-0.6,-0.6,-0.2450
MO2502-P-5800                 ,151.2,167.2,136.8,67,98.862,122,7.0,136.8,135,140.8,-4.0,-5.8,-0.2940
MO2502-P-5900                 ,185.4,207.8,171.2,29,55.258,60,-2.0,171.2,168.2,172.6,-1.4,-4.4,-0.3470
MO2502-P-6000                 ,233.4,257.4,209.8,70,161.606,157,6.0,209.8,207.2,213,-3.2,-5.8,-0.4040
MO2502-P-6100                 ,288.8,310.2,253.6,42,120.154,101,12.0,256,255.8,262.8,-6.8,-7.0,-0.4630
MO2502-P-6200                 ,343.6,364,302,282,919.294,310,192.0,307,303.2,319.6,-12.6,-16.4,-0.5230
MO2502-P-6300                 ,406.8,429,362.6,36,140.368,128,-6.0,365.6,360.4,372.8,-7.2,-12.4,-0.5830
MO2502-P-6400                 ,465.4,494.4,425.2,25,111.77,116,3.0,431,423.8,439.2,-8.2,-15.4,-0.6410
MO2502-P-6500                 ,560.8,560.8,493,13,67.078,45,3.0,504.2,492.6,508,-3.8,-15.4,-0.6950
MO2502-P-6600                 ,642,642,569,17,100.938,31,-1.0,569,566.4,585.2,-16.2,-18.8,-0.7460
MO2502-P-6700                 ,724,724,658.6,16,108.468,36,3.0,658.6,644.8,664.6,-6.0,-19.8,-0.7910
MO2502-P-6800                 ,816.4,816.4,740.8,18,137.18,25,2.0,741,727.2,747.2,-6.2,-20.0,-0.8320
MO2502-P-6900                 ,907.4,907.4,841.2,7,60.036,19,3.0,841.2,812.8,833.8,7.4,-21.0,-0.8680
MO2502-P-7000                 ,938.6,938.6,886.4,18,166.764,26,3.0,886.4,901.2,922,-35.6,-20.8,-0.8990
MO2502-P-7100                 ,1080.6,1080.6,986.6,5,50.646,8,5.0,987.4,991.8,1013.6,-26.2,-21.8,-0.9260
MO2502-P-7200                 ,1174.2,1174.2,1122.4,2,22.966,3,2.0,1122.4,1083,1105.4,17.0,-22.4,-0.9540
MO2503-C-3900                 ,2111.2,2167,2111.2,4,86,88,1.0,2158,2180.6,2163.6,-5.6,17.0,0.9860
MO2503-C-4000                 ,2020.8,2020.8,1999,10,202.528,92,1.0,1999,2082,2065,-66.0,17.0,0.9840
MO2503-C-4100                 ,,,,0,0,91,0.0,2195.2,1998.2,1968,227.2,30.2,0.9610
MO2503-C-4200                 ,1872.4,1872.4,1863.6,2,37.36,84,0.0,1863.6,1900,1869.6,-6.0,30.4,0.9580
MO2503-C-4300                 ,1697,1697,1697,1,16.97,82,0.0,1697,1802.2,1771.8,-74.8,30.4,0.9540
MO2503-C-4400                 ,1640,1640,1640,1,16.4,114,0.0,1640,1704.8,1674.2,-34.2,30.6,0.9490
MO2503-C-4500                 ,,,,0,0,105,0.0,1562.6,1607.8,1577.4,-14.8,30.4,0.9430
MO2503-C-4600                 ,1398.8,1501,1398.8,6,86.702,320,2.0,1501,1511.6,1481,20.0,30.6,0.9360
MO2503-C-4700                 ,,,,0,0,311,0.0,1403.6,1416.2,1385.6,18.0,30.6,0.9280
MO2503-C-4800                 ,,,,0,0,180,0.0,1324.2,1321.6,1291.2,33.0,30.4,0.9180
MO2503-C-4900                 ,1144.2,1197.2,1144.2,5,58.81,265,-3.0,1197.2,1228.4,1198.2,-1.0,30.2,0.9050
MO2503-C-5000                 ,1084,1113.6,1019.2,79,830.646,549,-17.0,1101.4,1136.6,1106.6,-5.2,30.0,0.8910
MO2503-C-5200                 ,885.2,970.6,878.4,15,138.592,525,-3.0,970.6,959,930.2,40.4,28.8,0.8530
MO2503-C-5400                 ,735,800,700,17,125.048,629,3.0,800,792.2,765.2,34.8,27.0,0.8010
MO2503-C-5600                 ,599.8,639,553.2,78,464.106,770,14.0,639,647,615,24.0,32.0,0.7300
MO2503-C-5800                 ,466,504.8,428.8,82,376.294,793,15.0,501.6,501.6,483,18.6,18.6,0.6550
MO2503-C-6000                 ,335,393.4,321.4,143,500.934,981,43.0,381.6,383.2,365.8,15.8,17.4,0.5660
MO2503-C-6200                 ,242.8,298,238.6,144,383.856,649,13.0,290.6,287,280.6,10.0,6.4,0.4730
MO2503-C-6400                 ,195.8,224,182.6,317,626.524,1524,-29.0,217,217,210.8,6.2,6.2,0.3870
MO2503-C-6600                 ,144.4,166.8,135,124,185.388,1052,-3.0,158.8,158.8,154,4.8,4.8,0.3080
MO2503-C-6800                 ,103,122,100,142,153.432,1497,30.0,117,117,113.6,3.4,3.4,0.2420
MO2503-C-7000                 ,80.4,95,77.8,412,349.316,2835,8.0,87.6,87.6,87.2,0.4,0.4,0.1900
MO2503-C-7200                 ,59.2,69.2,57.8,259,162.286,1397,49.0,64.4,64.4,64.8,-0.4,-0.4,0.1460
MO2503-C-7400                 ,48.4,57.4,47.2,402,205.502,2437,98.0,53.2,53.2,51.8,1.4,1.4,0.1210
MO2503-P-3900                 ,4,4.6,4,96,4.172,749,-10.0,4.6,4.4,4.2,0.4,0.2,-0.0100
MO2503-P-4000                 ,5.2,5.6,4.6,93,4.682,576,-1.0,5.4,5.4,4.8,0.6,0.6,-0.0120
MO2503-P-4100                 ,6,6.2,5,61,3.404,434,-6.0,6.2,6,5.4,0.8,0.6,-0.0140
MO2503-P-4200                 ,6.4,7.6,6,103,6.994,379,-31.0,7.4,7.4,6.4,1.0,1.0,-0.0170
MO2503-P-4300                 ,7.8,9.2,7.6,290,24.212,344,-27.0,8.8,8.8,7.6,1.2,1.2,-0.0210
MO2503-P-4400                 ,9.6,11.2,9,167,16.422,221,-7.0,10.8,10.6,9.6,1.2,1.0,-0.0250
MO2503-P-4500                 ,11.6,12.6,11,7,0.824,400,5.0,12.6,12.6,11.2,1.4,1.4,-0.0300
MO2503-P-4600                 ,14.4,16.8,14.4,21,3.282,497,0.0,15.4,15.6,14.4,1.0,1.2,-0.0370
MO2503-P-4700                 ,19.4,20.4,18.6,20,3.928,561,4.0,19.8,19.6,17.6,2.2,2.0,-0.0460
MO2503-P-4800                 ,24.6,25.6,24.6,10,2.458,538,0.0,25.6,24.4,22.8,2.8,1.6,-0.0560
MO2503-P-4900                 ,31.2,34.8,30,96,30.794,429,-10.0,30,30.6,29,1.0,1.6,-0.0690
MO2503-P-5000                 ,40,44.8,37.4,139,57.098,1091,-21.0,39,38.4,37.4,1.6,1.0,-0.0850
MO2503-P-5200                 ,66.8,71.4,57.8,221,141.646,743,27.0,60.2,59.4,59.2,1.0,0.2,-0.1250
MO2503-P-5400                 ,107.4,111.4,91.2,122,126.054,1043,23.0,91.4,89.4,93,-1.6,-3.6,-0.1790
MO2503-P-5600                 ,153.8,168.6,135.4,239,368.662,926,-22.0,135.4,135.4,143.4,-8.0,-8.0,-0.2500
MO2503-P-5800                 ,223.8,245,199.8,223,511.146,722,37.0,200,200.2,210,-10.0,-9.8,-0.3360
MO2503-P-6000                 ,322.6,341.6,280,197,626.876,595,19.0,280,282,294.4,-14.4,-12.4,-0.4290
MO2503-P-6200                 ,413.4,461,384.2,89,387.386,419,-4.0,388.4,384.6,401.8,-13.4,-17.2,-0.5260
MO2503-P-6400                 ,549.4,600.4,513.4,69,391.608,275,-1.0,513.8,507.4,528.6,-14.8,-21.2,-0.6200
MO2503-P-6600                 ,711.2,711.2,689.6,6,41.32,82,-2.0,689.6,649.6,673.8,15.8,-24.2,-0.7030
MO2503-P-6800                 ,863.4,902.4,863.4,5,44.71,137,0.0,902.4,806.8,833,69.4,-26.2,-0.7740
MO2503-P-7000                 ,997,997,997,6,60.3,78,-2.0,997,975.6,1009,-12.0,-33.4,-0.8320
MO2503-P-7200                 ,1218,1228.4,1218,3,36.28,18,0.0,1228.4,1153.4,1181.6,46.8,-28.2,-0.8770
MO2503-P-7400                 ,,,,0,0,56,0.0,1379.8,1337.4,1366,13.8,-28.6,-0.9110
MO2506-C-3900                 ,2020.8,2067.4,1953,42,844.6,107,0.0,2067.4,2067.8,2033.2,34.2,34.6,0.9430
MO2506-C-4000                 ,1872.4,1970.6,1866,13,251.81,146,-1.0,1970.6,1974.2,1936,34.6,38.2,0.9360
MO2506-C-4100                 ,1772.2,1877.4,1766.4,16,291.904,122,0.0,1877.4,1877.4,1841.4,36.0,36.0,0.9310
MO2506-C-4200                 ,1681.6,1755.6,1681.6,8,138.468,183,0.0,1750.2,1783.4,1745.8,4.4,37.6,0.9240
MO2506-C-4300                 ,,,,0,0,188,0.0,1701.8,1690.6,1651.6,50.2,39.0,0.9150
MO2506-C-4400                 ,1493.4,1594.2,1493.4,9,139.53,255,3.0,1593,1600.4,1561,32.0,39.4,0.9040
MO2506-C-4500                 ,1398.6,1412.6,1398.6,4,56.224,304,0.0,1412.6,1508.4,1469.2,-56.6,39.2,0.8940
MO2506-C-4600                 ,1343,1416,1309.4,39,530.078,354,-1.0,1415.6,1419.8,1378.4,37.2,41.4,0.8810
MO2506-C-4700                 ,1279.8,1314.4,1224.6,43,545.032,364,-4.0,1312.8,1332.4,1292.8,20.0,39.6,0.8660
MO2506-C-4800                 ,1180.8,1226.4,1135.8,18,213.024,327,-5.0,1226.4,1246.2,1208,18.4,38.2,0.8500
MO2506-C-4900                 ,1095.2,1163,1047,65,743.672,267,4.0,1162.2,1162.2,1123.2,39.0,39.0,0.8320
MO2506-C-5000                 ,1022,1060.8,974.8,32,322.216,266,-2.0,1060.8,1090.4,1043.4,17.4,47.0,0.8060
MO2506-C-5200                 ,881,925.6,830.8,11,97.008,373,-2.0,916.2,916.2,895,21.2,21.2,0.7690
MO2506-C-5400                 ,739.6,792.6,698,42,312.702,263,1.0,790.4,791,757.2,33.2,33.8,0.7080
MO2506-C-5600                 ,612.6,664.6,583,56,346.848,819,0.0,664.6,662.8,635,29.6,27.8,0.6480
MO2506-C-5800                 ,494.4,535,487.2,19,96.014,292,-5.0,535,554.8,528.4,6.6,26.4,0.5840
MO2506-C-6000                 ,408.8,458.2,408.8,9,38.892,267,4.0,458.2,458.2,437.4,20.8,20.8,0.5200
MO2506-C-6200                 ,338.2,366.8,323.4,18,62.72,460,-7.0,366.4,376.4,360.6,5.8,15.8,0.4560
MO2506-C-6400                 ,292,310.2,267,40,114.9,452,3.0,307.4,307.4,295.8,11.6,11.6,0.3960
MO2506-C-6600                 ,228.4,256,217,42,101.826,306,7.0,243,249.8,242,1.0,7.8,0.3410
MO2506-C-6800                 ,188,209.4,182.4,26,50.932,278,9.0,198.2,203.2,198.2,0.0,5.0,0.2910
MO2506-C-7000                 ,157.4,174.2,146.8,132,213.802,910,28.0,167,167,165.2,1.8,1.8,0.2480
MO2506-C-7200                 ,121.8,145.4,121,259,349.91,452,77.0,135.2,137,135.8,-0.6,1.2,0.2110
MO2506-C-7400                 ,110,120,100,156,167.768,467,0.0,112.6,112.6,111,1.6,1.6,0.1790
MO2506-P-3900                 ,13.4,15.2,13.2,138,19.342,479,-16.0,14.2,14.2,13.2,1.0,1.0,-0.0250
MO2506-P-4000                 ,16,18.4,15.8,84,14.326,297,-10.0,16.8,16.8,15.6,1.2,1.2,-0.0300
MO2506-P-4100                 ,19.4,22,18.8,40,8.138,203,-7.0,20.4,20.4,18.6,1.8,1.8,-0.0360
MO2506-P-4200                 ,23,26.4,23,26,6.238,114,-12.0,26.4,24.6,22.2,4.2,2.4,-0.0430
MO2506-P-4300                 ,30.2,30.2,28.8,7,2.048,230,-3.0,29.4,29.8,26.8,2.6,3.0,-0.0510
MO2506-P-4400                 ,35.4,38.6,35.4,13,4.72,144,3.0,38.6,36.6,33,5.6,3.6,-0.0620
MO2506-P-4500                 ,45.8,46.6,44.2,40,18.178,240,19.0,44.2,45.2,40.8,3.4,4.4,-0.0740
MO2506-P-4600                 ,55.6,57.2,52.6,48,25.988,230,-7.0,56.4,53.8,49.6,6.8,4.2,-0.0870
MO2506-P-4700                 ,60.6,69.4,60.6,87,57.146,265,4.0,68.4,65.2,60.4,8.0,4.8,-0.1030
MO2506-P-4800                 ,77,84,77,28,22.448,239,-3.0,78.2,78,73.6,4.6,4.4,-0.1210
MO2506-P-4900                 ,97.2,100,91.2,65,62.17,222,11.0,91.2,91.6,88.8,2.4,2.8,-0.1390
MO2506-P-5000                 ,115.4,122,111.8,57,66.118,347,8.0,114,112.4,107.4,6.6,5.0,-0.1630
MO2506-P-5200                 ,164,173.8,157,35,57.166,374,5.0,158.4,157,152.6,5.8,4.4,-0.2140
MO2506-P-5400                 ,234.2,237.6,214.2,53,118.194,297,4.0,214.2,214.2,214.2,0.0,0.0,-0.2720
MO2506-P-5600                 ,310.4,322.6,288.8,58,177.35,329,8.0,290.4,290.4,289.2,1.2,1.2,-0.3380
MO2506-P-5800                 ,388,413.8,371.6,26,101.544,199,3.0,371.6,372.6,380.4,-8.8,-7.8,-0.4060
MO2506-P-6000                 ,503.6,525,476.6,29,143.802,144,4.0,476.6,475,487.2,-10.6,-12.2,-0.4750
MO2506-P-6200                 ,626.6,654,589.4,21,131.004,192,2.0,589.4,589.4,607,-17.6,-17.6,-0.5440
MO2506-P-6400                 ,774.8,804.6,717.8,31,237.284,181,-2.0,717.8,717.8,741,-23.2,-23.2,-0.6090
MO2506-P-6600                 ,907.6,945.8,874.2,21,190.9,248,-3.0,874.2,859.2,885.4,-11.2,-26.2,-0.6680
MO2506-P-6800                 ,1092.4,1104.2,1011.8,14,147.51,129,4.0,1011.8,1011.8,1040.6,-28.8,-28.8,-0.7220
MO2506-P-7000                 ,1269,1273.8,1165,34,408.972,108,16.0,1173,1170.6,1200.4,-27.4,-29.8,-0.7710
MO2506-P-7200                 ,1442.4,1442.4,1442.4,2,28.848,42,0.0,1442.4,1337.8,1369.2,73.2,-31.4,-0.8130
MO2506-P-7400                 ,1616.2,1616.4,1513,5,79.578,82,1.0,1513,1511.4,1544.2,-31.2,-32.8,-0.8490
MO2509-C-4000                 ,1856.6,1880.6,1828,4,74.33,135,-1.0,1828,1918.2,1885,-57.0,33.2,0.8770
MO2509-C-4100                 ,1765.4,1787.8,1765.4,5,89.088,78,-2.0,1784.4,1828,1794.2,-9.8,33.8,0.8680
MO2509-C-4200                 ,1725.6,1725.6,1725.6,1,17.256,73,0.0,1725.6,1737.8,1703,22.6,34.8,0.8590
MO2509-C-4300                 ,1636.2,1636.2,1636.2,1,16.362,71,0.0,1636.2,1649.2,1613.6,22.6,35.6,0.8480
MO2509-C-4400                 ,1501.6,1517.2,1470.6,5,75.246,62,-3.0,1517.2,1562.6,1526.6,-9.4,36.0,0.8370
MO2509-C-4500                 ,1414.2,1479,1388.4,6,85.732,84,-5.0,1479,1477.2,1440,39.0,37.2,0.8240
MO2509-C-4600                 ,1335.2,1335.2,1300,6,79.332,142,0.0,1323.8,1396.4,1357.6,-33.8,38.8,0.8090
MO2509-C-4700                 ,1258,1263.4,1225.4,5,61.994,77,-3.0,1263.4,1312.6,1275,-11.6,37.6,0.7940
MO2509-C-4800                 ,1177.4,1233.8,1145.6,8,94.672,92,0.0,1233.8,1235.2,1196.4,37.4,38.8,0.7770
MO2509-C-4900                 ,1103.2,1145,1080,18,196.942,91,10.0,1145,1159.6,1120.2,24.8,39.4,0.7590
MO2509-C-5000                 ,1017.6,1066,1008,10,104.422,162,1.0,1065.4,1088.4,1051.2,14.2,37.2,0.7380
MO2509-C-5200                 ,895.2,905.4,895.2,13,117.548,99,6.0,897.2,948.8,913.2,-16.0,35.6,0.6960
MO2509-C-5400                 ,756.6,812,742.8,23,174.256,255,-8.0,812,825,790.6,21.4,34.4,0.6490
MO2509-C-5600                 ,665,716,641.4,16,110.67,246,-2.0,716,716,680,36.0,36.0,0.5990
MO2509-C-5800                 ,563,563,553.6,5,28.398,180,0.0,553.6,614,584.8,-31.2,29.2,0.5490
MO2509-C-6000                 ,485,513.8,475.4,22,108.76,516,1.0,513.8,524.4,505.8,8.0,18.6,0.4980
MO2509-C-6200                 ,420,459.6,401,153,649.07,563,125.0,445.4,445.4,429.2,16.2,16.2,0.4480
MO2509-C-6400                 ,364.6,364.6,364.6,1,3.646,425,1.0,364.6,389,371.8,-7.2,17.2,0.4040
MO2509-C-6600                 ,310.6,321.2,310,9,28.634,236,-2.0,321.2,333.6,321.6,-0.4,12.0,0.3610
MO2509-C-6800                 ,278.6,278.6,259.4,8,21.904,235,1.0,277,286.4,278.8,-1.8,7.6,0.3220
MO2509-C-7000                 ,240.2,256,222.6,35,83.684,717,5.0,256,249.2,245.8,10.2,3.4,0.2880
MO2509-C-7200                 ,204.6,224.8,196.8,28,58.466,196,3.0,214,218.4,214.8,-0.8,3.6,0.2580
MO2509-C-7400                 ,180.6,197.6,170,186,340.96,744,25.0,186,186,187.8,-1.8,-1.8,0.2270
MO2509-P-4000                 ,30,34.4,29.6,155,48.834,485,16.0,34.4,34.4,29,5.4,5.4,-0.0510
MO2509-P-4100                 ,38.2,41.6,37.6,78,30.12,220,31.0,40.8,40,35.4,5.4,4.6,-0.0590
MO2509-P-4200                 ,46,49,44.6,40,18.552,224,8.0,49,48,42,7.0,6.0,-0.0700
MO2509-P-4300                 ,54.2,58.6,54.2,16,9.11,182,4.0,57.6,57.8,51.4,6.2,6.4,-0.0820
MO2509-P-4400                 ,63.6,70.6,63.6,8,5.344,152,-1.0,64,68.8,61.4,2.6,7.4,-0.0960
MO2509-P-4500                 ,76.2,83,75.6,34,27.05,207,3.0,79.6,81.8,73.6,6.0,8.2,-0.1120
MO2509-P-4600                 ,91.6,103,91.6,96,92.022,333,31.0,97.2,96.4,87.2,10.0,9.2,-0.1280
MO2509-P-4700                 ,105.8,116.8,105.8,69,75.034,239,18.0,112.6,114,104,8.6,10.0,-0.1480
MO2509-P-4800                 ,125.2,138.8,125.2,62,82.118,291,20.0,134.6,133.2,122.6,12.0,10.6,-0.1680
MO2509-P-4900                 ,147,160.8,147,63,96.376,253,2.0,151.6,155.6,144.6,7.0,11.0,-0.1910
MO2509-P-5000                 ,179,190.8,175.2,95,171.032,407,-2.0,184.8,180.8,169.2,15.6,11.6,-0.2150
MO2509-P-5200                 ,236.4,256,231,39,93.712,423,8.0,240,239.2,226.2,13.8,13.0,-0.2670
MO2509-P-5400                 ,309.6,329.6,301.6,28,87.648,478,0.0,312.8,308.2,300.4,12.4,7.8,-0.3240
MO2509-P-5600                 ,402.2,419.2,395,30,120.018,262,8.0,396.2,396.2,396.6,-0.4,-0.4,-0.3840
MO2509-P-5800                 ,526.8,526.8,494.6,14,69.688,337,5.0,495.2,494.8,490.8,4.4,4.0,-0.4460
MO2509-P-6000                 ,645.4,645.4,603.8,2,12.492,377,0.0,603.8,603.4,603.4,0.4,0.0,-0.5070
MO2509-P-6200                 ,763,763,718.6,7,50.87,311,3.0,724.2,724.2,722.2,2.0,2.0,-0.5670
MO2509-P-6400                 ,876.4,917.8,861.8,8,70.85,189,-2.0,861.8,857.2,864.6,-2.8,-7.4,-0.6230
MO2509-P-6600                 ,1031.4,1056.4,994.4,9,91.926,63,2.0,994.4,1008.2,1014,-19.6,-5.8,-0.6720
MO2509-P-6800                 ,1147.4,1147.4,1147.4,2,23.16,97,0.0,1147.4,1148.6,1168.6,-21.2,-20.0,-0.7260
MO2509-P-7000                 ,1376.2,1376.2,1317.6,4,53.884,125,-1.0,1318.4,1306.4,1331.4,-13.0,-25.0,-0.7710
MO2509-P-7200                 ,1517,1517,1517,1,15.17,73,-1.0,1517,1468.2,1496.4,20.6,-28.2,-0.8140
MO2509-P-7400                 ,1686.4,1704.2,1631.4,15,250.422,105,7.0,1631.4,1631.4,1666.2,-34.8,-34.8,-0.8590
小计,,,,275425,203843.200,256185.0,1543.0,,,,,,
T2503                         ,108.45,108.57,108.305,79325,8603448.815,179120,1893.0,108.535,108.465,108.415,0.120,0.050,--
T2506                         ,108.4,108.495,108.245,6314,684334.06,16799,146.0,108.46,108.4,108.37,0.09,0.03,--
T2509                         ,108.285,108.415,108.195,379,41062.87,1325,83.0,108.38,108.33,108.315,0.065,0.015,--
小计,,,,86018,9328845.745,197244.0,2122.0,,,,,,
TF2503                        ,106.49,106.49,106.31,71461,7603334.195,125487,3407.0,106.445,106.405,106.345,0.100,0.060,--
TF2506                        ,106.465,106.51,106.385,2933,312241.88,7035,32.0,106.495,106.46,106.41,0.085,0.05,--
TF2509                        ,106.42,106.645,106.42,551,58704.94,444,172.0,106.555,106.535,106.455,0.100,0.080,--
小计,,,,74945,7974281.015,132966.0,3611.0,,,,,,
TL2503                        ,117.34,117.66,116.8,86814,10177960.91,79761,1302.0,117.14,117.07,117.43,-0.29,-0.36,--
TL2506                        ,117.02,117.25,116.42,12371,1445771.35,24298,-294.0,116.75,116.66,117.04,-0.29,-0.38,--
TL2509                        ,116.93,117.16,116.3,360,42002.29,921,85.0,116.59,116.54,116.97,-0.38,-0.43,--
小计,,,,99545,11665734.55,104980.0,1093.0,,,,,,
TS2503                        ,102.902,102.972,102.888,42965,8845426.452,63118,2612.0,102.972,102.954,102.886,0.086,0.068,--
TS2506                        ,103.06,103.146,103.054,1210,249521.992,3555,165.0,103.14,103.128,103.064,0.076,0.064,--
TS2509                        ,103.2,103.288,103.2,960,198252.988,686,102.0,103.288,103.274,103.2,0.088,0.074,--
小计,,,,45135,9293201.432,67359.0,2879.0,,,,,,
合计,,,,1396414,112729428.568,2104502.0,42534.0,,,,,,
